	 2.00 	 3.00 	 0.00 	 8.748441
	 2.09 	 2.97 	 0.03 	 8.851810
	 2.18 	 2.94 	 0.06 	 8.931471
	 2.26 	 2.91 	 0.09 	 8.986370
	 2.35 	 2.87 	 0.12 	 9.015786
	 2.44 	 2.84 	 0.15 	 9.019327
	 2.52 	 2.80 	 0.18 	 8.996919
	 2.60 	 2.76 	 0.21 	 8.948791
	 2.68 	 2.72 	 0.24 	 8.875454
	 2.76 	 2.68 	 0.27 	 8.777680
	 2.84 	 2.64 	 0.30 	 8.656474
	 2.92 	 2.60 	 0.33 	 8.513047
	 3.00 	 2.56 	 0.36 	 8.348786
	 3.07 	 2.51 	 0.39 	 8.165225
	 3.15 	 2.46 	 0.42 	 7.964015
	 3.22 	 2.42 	 0.45 	 7.746891
	 3.29 	 2.37 	 0.48 	 7.515651
	 3.36 	 2.32 	 0.51 	 7.272120
	 3.43 	 2.27 	 0.54 	 7.018130
	 3.50 	 2.22 	 0.57 	 6.755498
	 3.56 	 2.16 	 0.60 	 6.486001
	 3.62 	 2.11 	 0.63 	 6.211360
	 3.69 	 2.06 	 0.66 	 5.933226
	 3.75 	 2.00 	 0.69 	 5.653163
	 3.80 	 1.95 	 0.72 	 5.372642
	 3.86 	 1.89 	 0.75 	 5.093027
	 3.92 	 1.83 	 0.78 	 4.815578
	 3.97 	 1.77 	 0.81 	 4.541438
	 4.02 	 1.71 	 0.84 	 4.271638
	 4.07 	 1.65 	 0.87 	 4.007094
	 4.12 	 1.59 	 0.90 	 3.748611
	 4.16 	 1.53 	 0.93 	 3.496882
	 4.21 	 1.47 	 0.96 	 3.252496
	 4.25 	 1.40 	 0.99 	 3.015944
	 4.29 	 1.34 	 1.02 	 2.787619
	 4.33 	 1.28 	 1.05 	 2.567827
	 4.36 	 1.21 	 1.08 	 2.356792
	 4.40 	 1.15 	 1.11 	 2.154663
	 4.43 	 1.08 	 1.14 	 1.961520
	 4.46 	 1.01 	 1.17 	 1.777378
	 4.49 	 0.95 	 1.20 	 1.602200
	 4.52 	 0.88 	 1.23 	 1.435895
	 4.54 	 0.81 	 1.26 	 1.278329
	 4.56 	 0.74 	 1.29 	 1.129328
	 4.58 	 0.67 	 1.32 	 0.988683
	 4.60 	 0.61 	 1.35 	 0.856152
	 4.62 	 0.54 	 1.38 	 0.731469
	 4.63 	 0.47 	 1.41 	 0.614343
	 4.64 	 0.40 	 1.44 	 0.504459
	 4.65 	 0.33 	 1.47 	 0.401489
	 4.66 	 0.26 	 1.50 	 0.305083
	 4.67 	 0.19 	 1.53 	 0.214880
	 4.67 	 0.12 	 1.56 	 0.130504
	 4.67 	 0.05 	 1.59 	 0.051569
	 4.67 	 -0.02 	 1.62 	 -0.022325
	 4.67 	 -0.09 	 1.65 	 -0.091582
	 4.66 	 -0.16 	 1.68 	 -0.156619
	 4.66 	 -0.23 	 1.71 	 -0.217857
	 4.65 	 -0.30 	 1.74 	 -0.275723
	 4.64 	 -0.37 	 1.77 	 -0.330650
	 4.62 	 -0.44 	 1.80 	 -0.383070
	 4.61 	 -0.51 	 1.83 	 -0.433417
	 4.59 	 -0.58 	 1.86 	 -0.482122
	 4.57 	 -0.65 	 1.89 	 -0.529610
	 4.55 	 -0.72 	 1.92 	 -0.576299
	 4.53 	 -0.78 	 1.95 	 -0.622593
	 4.50 	 -0.85 	 1.98 	 -0.668879
	 4.47 	 -0.92 	 2.01 	 -0.715524
	 4.44 	 -0.99 	 2.04 	 -0.762866
	 4.41 	 -1.05 	 2.07 	 -0.811214
	 4.38 	 -1.12 	 2.10 	 -0.860836
	 4.34 	 -1.19 	 2.13 	 -0.911953
	 4.30 	 -1.25 	 2.16 	 -0.964738
	 4.27 	 -1.32 	 2.19 	 -1.019303
	 4.22 	 -1.38 	 2.22 	 -1.075692
	 4.18 	 -1.44 	 2.25 	 -1.133879
	 4.14 	 -1.51 	 2.28 	 -1.193757
	 4.09 	 -1.57 	 2.31 	 -1.255130
	 4.04 	 -1.63 	 2.34 	 -1.317712
	 3.99 	 -1.69 	 2.37 	 -1.381117
	 3.94 	 -1.75 	 2.40 	 -1.444859
	 3.88 	 -1.81 	 2.43 	 -1.508344
	 3.83 	 -1.87 	 2.46 	 -1.570873
	 3.77 	 -1.92 	 2.49 	 -1.631639
	 3.71 	 -1.98 	 2.52 	 -1.689729
	 3.65 	 -2.04 	 2.55 	 -1.744130
	 3.58 	 -2.09 	 2.58 	 -1.793734
	 3.52 	 -2.14 	 2.61 	 -1.837344
	 3.45 	 -2.20 	 2.64 	 -1.873689
	 3.39 	 -2.25 	 2.67 	 -1.901436
	 3.32 	 -2.30 	 2.70 	 -1.919205
	 3.25 	 -2.35 	 2.73 	 -1.925590
	 3.18 	 -2.40 	 2.76 	 -1.919178
	 3.10 	 -2.45 	 2.79 	 -1.898573
	 3.03 	 -2.49 	 2.82 	 -1.862424
	 2.95 	 -2.54 	 2.85 	 -1.809448
	 2.87 	 -2.58 	 2.88 	 -1.738461
	 2.80 	 -2.63 	 2.91 	 -1.648407
	 2.72 	 -2.67 	 2.94 	 -1.538387
	 2.63 	 -2.71 	 2.97 	 -1.407686
	 2.55 	 -2.75 	 3.00 	 -1.255807
	 2.47 	 -2.79 	 3.03 	 -1.082491
	 2.38 	 -2.82 	 3.06 	 -0.887743
	 2.30 	 -2.86 	 3.09 	 -0.671854
	 2.21 	 -2.89 	 3.12 	 -0.435418
	 2.12 	 -2.93 	 3.15 	 -0.179343
	 2.03 	 -2.96 	 3.18 	 0.095141
	 1.94 	 -2.99 	 3.21 	 0.386480
	 1.85 	 -3.02 	 3.24 	 0.692799
	 1.76 	 -3.05 	 3.27 	 1.011914
	 1.67 	 -3.07 	 3.30 	 1.341348
	 1.58 	 -3.10 	 3.33 	 1.678354
	 1.48 	 -3.12 	 3.36 	 2.019946
	 1.39 	 -3.14 	 3.39 	 2.362934
	 1.29 	 -3.16 	 3.42 	 2.703964
	 1.20 	 -3.18 	 3.45 	 3.039566
	 1.10 	 -3.20 	 3.48 	 3.366203
	 1.01 	 -3.22 	 3.51 	 3.680324
	 0.91 	 -3.23 	 3.54 	 3.978423
	 0.81 	 -3.25 	 3.57 	 4.257092
	 0.71 	 -3.26 	 3.60 	 4.513078
	 0.62 	 -3.27 	 3.63 	 4.743341
	 0.52 	 -3.28 	 3.66 	 4.945102
	 0.42 	 -3.29 	 3.69 	 5.115898
	 0.32 	 -3.29 	 3.72 	 5.253621
	 0.22 	 -3.30 	 3.75 	 5.356556
	 0.12 	 -3.30 	 3.78 	 5.423416
	 0.02 	 -3.30 	 3.81 	 5.453363
	 -0.08 	 -3.30 	 3.84 	 5.446022
	 -0.17 	 -3.30 	 3.87 	 5.401492
	 -0.27 	 -3.30 	 3.90 	 5.320339
	 -0.37 	 -3.30 	 3.93 	 5.203590
	 -0.47 	 -3.29 	 3.96 	 5.052712
	 -0.57 	 -3.28 	 3.99 	 4.869587
	 -0.67 	 -3.27 	 4.02 	 4.656473
	 -0.77 	 -3.26 	 4.05 	 4.415970
	 -0.86 	 -3.25 	 4.08 	 4.150969
	 -0.96 	 -3.24 	 4.11 	 3.864604
	 -1.06 	 -3.23 	 4.14 	 3.560196
	 -1.15 	 -3.21 	 4.17 	 3.241202
	 -1.25 	 -3.19 	 4.20 	 2.911149
	 -1.34 	 -3.17 	 4.23 	 2.573589
	 -1.44 	 -3.15 	 4.26 	 2.232033
	 -1.53 	 -3.13 	 4.29 	 1.889908
	 -1.63 	 -3.11 	 4.32 	 1.550504
	 -1.72 	 -3.08 	 4.35 	 1.216927
	 -1.81 	 -3.06 	 4.38 	 0.892067
	 -1.90 	 -3.03 	 4.41 	 0.578560
	 -1.99 	 -3.00 	 4.44 	 0.278762
	 -2.08 	 -2.97 	 4.47 	 -0.005272
	 -2.17 	 -2.94 	 4.50 	 -0.271801
	 -2.26 	 -2.91 	 4.53 	 -0.519407
	 -2.34 	 -2.88 	 4.56 	 -0.746996
	 -2.43 	 -2.84 	 4.59 	 -0.953793
	 -2.51 	 -2.80 	 4.62 	 -1.139333
	 -2.59 	 -2.77 	 4.65 	 -1.303449
	 -2.68 	 -2.73 	 4.68 	 -1.446248
	 -2.76 	 -2.69 	 4.71 	 -1.568094
	 -2.84 	 -2.65 	 4.74 	 -1.669579
	 -2.91 	 -2.60 	 4.77 	 -1.751501
	 -2.99 	 -2.56 	 4.80 	 -1.814829
	 -3.07 	 -2.51 	 4.83 	 -1.860678
	 -3.14 	 -2.47 	 4.86 	 -1.890280
	 -3.21 	 -2.42 	 4.89 	 -1.904952
	 -3.28 	 -2.37 	 4.92 	 -1.906070
	 -3.35 	 -2.32 	 4.95 	 -1.895043
	 -3.42 	 -2.27 	 4.98 	 -1.873287
	 -3.49 	 -2.22 	 5.01 	 -1.842205
	 -3.55 	 -2.17 	 5.04 	 -1.803163
	 -3.62 	 -2.12 	 5.07 	 -1.757474
	 -3.68 	 -2.06 	 5.10 	 -1.706384
	 -3.74 	 -2.01 	 5.13 	 -1.651059
	 -3.80 	 -1.95 	 5.16 	 -1.592574
	 -3.86 	 -1.89 	 5.19 	 -1.531904
	 -3.91 	 -1.84 	 5.22 	 -1.469924
	 -3.96 	 -1.78 	 5.25 	 -1.407400
	 -4.02 	 -1.72 	 5.28 	 -1.344993
	 -4.07 	 -1.66 	 5.31 	 -1.283253
	 -4.11 	 -1.60 	 5.34 	 -1.222631
	 -4.16 	 -1.54 	 5.37 	 -1.163474
	 -4.20 	 -1.47 	 5.40 	 -1.106032
	 -4.25 	 -1.41 	 5.43 	 -1.050466
	 -4.29 	 -1.35 	 5.46 	 -0.996852
	 -4.32 	 -1.28 	 5.49 	 -0.945188
	 -4.36 	 -1.22 	 5.52 	 -0.895401
	 -4.40 	 -1.15 	 5.55 	 -0.847355
	 -4.43 	 -1.09 	 5.58 	 -0.800857
	 -4.46 	 -1.02 	 5.61 	 -0.755664
	 -4.49 	 -0.95 	 5.64 	 -0.711489
	 -4.51 	 -0.88 	 5.67 	 -0.668012
	 -4.54 	 -0.82 	 5.70 	 -0.624878
	 -4.56 	 -0.75 	 5.73 	 -0.581710
	 -4.58 	 -0.68 	 5.76 	 -0.538108
	 -4.60 	 -0.61 	 5.79 	 -0.493661
	 -4.62 	 -0.54 	 5.82 	 -0.447942
	 -4.63 	 -0.47 	 5.85 	 -0.400519
	 -4.64 	 -0.40 	 5.88 	 -0.350955
	 -4.65 	 -0.33 	 5.91 	 -0.298810
	 -4.66 	 -0.26 	 5.94 	 -0.243646
	 -4.67 	 -0.19 	 5.97 	 -0.185025
	 -4.67 	 -0.12 	 6.00 	 -0.122518
	 -4.67 	 -0.05 	 6.03 	 -0.055696
	 -4.67 	 0.02 	 6.06 	 0.015860
	 -4.67 	 0.09 	 6.09 	 0.092560
	 -4.66 	 0.16 	 6.12 	 0.174806
	 -4.66 	 0.23 	 6.15 	 0.262990
	 -4.65 	 0.30 	 6.18 	 0.357490
	 -4.64 	 0.36 	 6.21 	 0.458671
	 -4.62 	 0.43 	 6.24 	 0.566886
	 -4.61 	 0.50 	 6.27 	 0.682466
	 -4.59 	 0.57 	 6.30 	 0.805727
	 -4.57 	 0.64 	 6.33 	 0.936960
	 -4.55 	 0.71 	 6.36 	 1.076433
	 -4.53 	 0.78 	 6.39 	 1.224385
	 -4.50 	 0.85 	 6.42 	 1.381022
	 -4.48 	 0.91 	 6.45 	 1.546515
	 -4.45 	 0.98 	 6.48 	 1.720990
	 -4.41 	 1.05 	 6.51 	 1.904530
	 -4.38 	 1.11 	 6.54 	 2.097164
	 -4.35 	 1.18 	 6.57 	 2.298860
	 -4.31 	 1.24 	 6.60 	 2.509524
	 -4.27 	 1.31 	 6.63 	 2.728989
	 -4.23 	 1.37 	 6.66 	 2.957011
	 -4.18 	 1.44 	 6.69 	 3.193260
	 -4.14 	 1.50 	 6.72 	 3.437316
	 -4.09 	 1.56 	 6.75 	 3.688660
	 -4.04 	 1.62 	 6.78 	 3.946672
	 -3.99 	 1.68 	 6.81 	 4.210625
	 -3.94 	 1.74 	 6.84 	 4.479679
	 -3.89 	 1.80 	 6.87 	 4.752884
	 -3.83 	 1.86 	 6.90 	 5.029170
	 -3.77 	 1.92 	 6.93 	 5.307358
	 -3.71 	 1.98 	 6.96 	 5.586153
	 -3.65 	 2.03 	 6.99 	 5.864155
	 -3.59 	 2.09 	 7.02 	 6.139861
	 -3.53 	 2.14 	 7.05 	 6.411678
	 -3.46 	 2.19 	 7.08 	 6.677930
	 -3.39 	 2.24 	 7.11 	 6.936878
	 -3.32 	 2.30 	 7.14 	 7.186731
	 -3.25 	 2.35 	 7.17 	 7.425667
	 -3.18 	 2.39 	 7.20 	 7.651858
	 -3.11 	 2.44 	 7.23 	 7.863489
	 -3.03 	 2.49 	 7.26 	 8.058786
	 -2.96 	 2.53 	 7.29 	 8.236047
	 -2.88 	 2.58 	 7.32 	 8.393665
	 -2.80 	 2.62 	 7.35 	 8.530163
	 -2.72 	 2.66 	 7.38 	 8.644220
	 -2.64 	 2.70 	 7.41 	 8.734706
	 -2.56 	 2.74 	 7.44 	 8.800705
	 -2.48 	 2.78 	 7.47 	 8.841547
	 -2.39 	 2.82 	 7.50 	 8.856831
	 -2.31 	 2.86 	 7.53 	 8.846444
	 -2.22 	 2.89 	 7.56 	 8.810586
	 -2.13 	 2.92 	 7.59 	 8.749776
	 -2.04 	 2.96 	 7.62 	 8.664868
	 -1.95 	 2.99 	 7.65 	 8.557046
	 -1.86 	 3.02 	 7.68 	 8.427829
	 -1.77 	 3.04 	 7.71 	 8.279055
	 -1.68 	 3.07 	 7.74 	 8.112872
	 -1.59 	 3.09 	 7.77 	 7.931708
	 -1.49 	 3.12 	 7.80 	 7.738250
	 -1.40 	 3.14 	 7.83 	 7.535405
	 -1.30 	 3.16 	 7.86 	 7.326260
	 -1.21 	 3.18 	 7.89 	 7.114041
	 -1.11 	 3.20 	 7.92 	 6.902055
	 -1.02 	 3.22 	 7.95 	 6.693646
	 -0.92 	 3.23 	 7.98 	 6.492135
	 -0.82 	 3.25 	 8.01 	 6.300764
	 -0.72 	 3.26 	 8.04 	 6.122644
	 -0.63 	 3.27 	 8.07 	 5.960691
	 -0.53 	 3.28 	 8.10 	 5.817584
	 -0.43 	 3.29 	 8.13 	 5.695706
	 -0.33 	 3.29 	 8.16 	 5.597108
	 -0.23 	 3.30 	 8.19 	 5.523465
	 -0.13 	 3.30 	 8.22 	 5.476047
	 -0.03 	 3.30 	 8.25 	 5.455694
	 0.07 	 3.30 	 8.28 	 5.462802
	 0.17 	 3.30 	 8.31 	 5.497309
	 0.26 	 3.30 	 8.34 	 5.558704
	 0.36 	 3.30 	 8.37 	 5.646033
	 0.46 	 3.29 	 8.40 	 5.757915
	 0.56 	 3.28 	 8.43 	 5.892571
	 0.66 	 3.27 	 8.46 	 6.047857
	 0.76 	 3.27 	 8.49 	 6.221304
	 0.85 	 3.25 	 8.52 	 6.410162
	 0.95 	 3.24 	 8.55 	 6.611450
	 1.05 	 3.23 	 8.58 	 6.822010
	 1.14 	 3.21 	 8.61 	 7.038566
	 1.24 	 3.19 	 8.64 	 7.257773
	 1.34 	 3.18 	 8.67 	 7.476280
	 1.43 	 3.16 	 8.70 	 7.690781
	 1.52 	 3.13 	 8.73 	 7.898069
	 1.62 	 3.11 	 8.76 	 8.095082
	 1.71 	 3.09 	 8.79 	 8.278950
	 1.80 	 3.06 	 8.82 	 8.447033
	 1.89 	 3.03 	 8.85 	 8.596955
	 1.98 	 3.01 	 8.88 	 8.726629
	 2.07 	 2.98 	 8.91 	 8.834279
	 2.16 	 2.94 	 8.94 	 8.918455
	 2.25 	 2.91 	 8.97 	 8.978041
	 2.33 	 2.88 	 9.00 	 9.012252
	 2.42 	 2.84 	 9.03 	 9.020637
	 2.50 	 2.81 	 9.06 	 9.003064
	 2.59 	 2.77 	 9.09 	 8.959706
	 2.67 	 2.73 	 9.12 	 8.891023
	 2.75 	 2.69 	 9.15 	 8.797741
	 2.83 	 2.65 	 9.18 	 8.680822
	 2.91 	 2.61 	 9.21 	 8.541442
	 2.98 	 2.56 	 9.24 	 8.380957
	 3.06 	 2.52 	 9.27 	 8.200876
	 3.13 	 2.47 	 9.30 	 8.002830
	 3.21 	 2.43 	 9.33 	 7.788542
	 3.28 	 2.38 	 9.36 	 7.559798
	 3.35 	 2.33 	 9.39 	 7.318422
	 3.42 	 2.28 	 9.42 	 7.066246
	 3.48 	 2.23 	 9.45 	 6.805090
	 3.55 	 2.17 	 9.48 	 6.536742
	 3.61 	 2.12 	 9.51 	 6.262934
	 3.67 	 2.07 	 9.54 	 5.985330
	 3.73 	 2.01 	 9.57 	 5.705512
	 3.79 	 1.96 	 9.60 	 5.424969
	 3.85 	 1.90 	 9.63 	 5.145087
	 3.91 	 1.84 	 9.66 	 4.867143
	 3.96 	 1.78 	 9.69 	 4.592304
	 4.01 	 1.72 	 9.72 	 4.321621
	 4.06 	 1.66 	 9.75 	 4.056032
	 4.11 	 1.60 	 9.78 	 3.796361
	 4.15 	 1.54 	 9.81 	 3.543324
	 4.20 	 1.48 	 9.84 	 3.297528
	 4.24 	 1.42 	 9.87 	 3.059481
	 4.28 	 1.35 	 9.90 	 2.829594
	 4.32 	 1.29 	 9.93 	 2.608190
	 4.36 	 1.22 	 9.96 	 2.395508
	 4.39 	 1.16 	 9.99 	 2.191709
	 4.43 	 1.09 	 10.02 	 1.996885
	 4.46 	 1.03 	 10.05 	 1.811065
	 4.48 	 0.96 	 10.08 	 1.634219
	 4.51 	 0.89 	 10.11 	 1.466267
	 4.54 	 0.82 	 10.14 	 1.307082
	 4.56 	 0.76 	 10.17 	 1.156497
	 4.58 	 0.69 	 10.20 	 1.014310
	 4.60 	 0.62 	 10.23 	 0.880284
	 4.61 	 0.55 	 10.26 	 0.754158
	 4.63 	 0.48 	 10.29 	 0.635644
	 4.64 	 0.41 	 10.32 	 0.524433
	 4.65 	 0.34 	 10.35 	 0.420199
	 4.66 	 0.27 	 10.38 	 0.322595
	 4.67 	 0.20 	 10.41 	 0.231262
	 4.67 	 0.13 	 10.44 	 0.145828
	 4.67 	 0.06 	 10.47 	 0.065906
	 4.67 	 -0.01 	 10.50 	 -0.008897
	 4.67 	 -0.08 	 10.53 	 -0.078989
	 4.66 	 -0.15 	 10.56 	 -0.144781
	 4.66 	 -0.22 	 10.59 	 -0.206696
	 4.65 	 -0.29 	 10.62 	 -0.265159
	 4.64 	 -0.36 	 10.65 	 -0.320602
	 4.63 	 -0.43 	 10.68 	 -0.373457
	 4.61 	 -0.50 	 10.71 	 -0.424158
	 4.59 	 -0.57 	 10.74 	 -0.473137
	 4.57 	 -0.64 	 10.77 	 -0.520820
	 4.55 	 -0.70 	 10.80 	 -0.567627
	 4.53 	 -0.77 	 10.83 	 -0.613964
	 4.50 	 -0.84 	 10.86 	 -0.660223
	 4.48 	 -0.91 	 10.89 	 -0.706774
	 4.45 	 -0.97 	 10.92 	 -0.753963
	 4.42 	 -1.04 	 10.95 	 -0.802102
	 4.38 	 -1.11 	 10.98 	 -0.851467
	 4.35 	 -1.17 	 11.01 	 -0.902290
	 4.31 	 -1.24 	 11.04 	 -0.954754
	 4.27 	 -1.30 	 11.07 	 -1.008980
	 4.23 	 -1.37 	 11.10 	 -1.065029
	 4.19 	 -1.43 	 11.13 	 -1.122886
	 4.14 	 -1.49 	 11.16 	 -1.182461
	 4.10 	 -1.56 	 11.19 	 -1.243573
	 4.05 	 -1.62 	 11.22 	 -1.305956
	 4.00 	 -1.68 	 11.25 	 -1.369242
	 3.95 	 -1.74 	 11.28 	 -1.432962
	 3.89 	 -1.80 	 11.31 	 -1.496545
	 3.84 	 -1.86 	 11.34 	 -1.559311
	 3.78 	 -1.91 	 11.37 	 -1.620471
	 3.72 	 -1.97 	 11.40 	 -1.679135
	 3.66 	 -2.03 	 11.43 	 -1.734306
	 3.60 	 -2.08 	 11.46 	 -1.784894
	 3.53 	 -2.13 	 11.49 	 -1.829717
	 3.47 	 -2.19 	 11.52 	 -1.867518
	 3.40 	 -2.24 	 11.55 	 -1.896973
	 3.33 	 -2.29 	 11.58 	 -1.916711
	 3.26 	 -2.34 	 11.61 	 -1.925328
	 3.19 	 -2.39 	 11.64 	 -1.921410
	 3.12 	 -2.44 	 11.67 	 -1.903559
	 3.04 	 -2.48 	 11.70 	 -1.870411
	 2.97 	 -2.53 	 11.73 	 -1.820669
	 2.89 	 -2.57 	 11.76 	 -1.753128
	 2.81 	 -2.62 	 11.79 	 -1.666706
	 2.73 	 -2.66 	 11.82 	 -1.560472
	 2.65 	 -2.70 	 11.85 	 -1.433676
	 2.57 	 -2.74 	 11.88 	 -1.285777
	 2.48 	 -2.78 	 11.91 	 -1.116470
	 2.40 	 -2.82 	 11.94 	 -0.925709
	 2.31 	 -2.85 	 11.97 	 -0.713730
	 2.23 	 -2.89 	 12.00 	 -0.481070
	 2.14 	 -2.92 	 12.03 	 -0.228576
	 2.05 	 -2.95 	 12.06 	 0.042581
	 1.96 	 -2.98 	 12.09 	 0.330906
	 1.87 	 -3.01 	 12.12 	 0.634586
	 1.78 	 -3.04 	 12.15 	 0.951492
	 1.69 	 -3.07 	 12.18 	 1.279201
	 1.59 	 -3.09 	 12.21 	 1.615014
	 1.50 	 -3.12 	 12.24 	 1.955987
	 1.41 	 -3.14 	 12.27 	 2.298964
	 1.31 	 -3.16 	 12.30 	 2.640620
	 1.22 	 -3.18 	 12.33 	 2.977502
	 1.12 	 -3.20 	 12.36 	 3.306082
	 1.02 	 -3.21 	 12.39 	 3.622808
	 0.93 	 -3.23 	 12.42 	 3.924160
	 0.83 	 -3.24 	 12.45 	 4.206708
	 0.73 	 -3.26 	 12.48 	 4.467165
	 0.63 	 -3.27 	 12.51 	 4.702448
	 0.54 	 -3.28 	 12.54 	 4.909726
	 0.44 	 -3.29 	 12.57 	 5.086473
	 0.34 	 -3.29 	 12.60 	 5.230511
	 0.24 	 -3.30 	 12.63 	 5.340049
	 0.14 	 -3.30 	 12.66 	 5.413720
	 0.04 	 -3.30 	 12.69 	 5.450599
	 -0.06 	 -3.30 	 12.72 	 5.450224
	 -0.16 	 -3.30 	 12.75 	 5.412606
	 -0.26 	 -3.30 	 12.78 	 5.338224
	 -0.35 	 -3.30 	 12.81 	 5.228020
	 -0.45 	 -3.29 	 12.84 	 5.083382
	 -0.55 	 -3.28 	 12.87 	 4.906115
	 -0.65 	 -3.28 	 12.90 	 4.698410
	 -0.75 	 -3.27 	 12.93 	 4.462808
	 -0.85 	 -3.25 	 12.96 	 4.202148
	 -0.94 	 -3.24 	 12.99 	 3.919523
	 -1.04 	 -3.23 	 13.02 	 3.618224
	 -1.14 	 -3.21 	 13.05 	 3.301685
	 -1.23 	 -3.20 	 13.08 	 2.973427
	 -1.33 	 -3.18 	 13.11 	 2.636999
	 -1.42 	 -3.16 	 13.14 	 2.295926
	 -1.52 	 -3.14 	 13.17 	 1.953653
	 -1.61 	 -3.11 	 13.20 	 1.613499
	 -1.70 	 -3.09 	 13.23 	 1.278608
	 -1.79 	 -3.06 	 13.26 	 0.951913
	 -1.88 	 -3.04 	 13.29 	 0.636100
	 -1.97 	 -3.01 	 13.32 	 0.333578
	 -2.06 	 -2.98 	 13.35 	 0.046460
	 -2.15 	 -2.95 	 13.38 	 -0.223454
	 -2.24 	 -2.92 	 13.41 	 -0.474685
	 -2.33 	 -2.88 	 13.44 	 -0.706078
	 -2.41 	 -2.85 	 13.47 	 -0.916799
	 -2.50 	 -2.81 	 13.50 	 -1.106329
	 -2.58 	 -2.77 	 13.53 	 -1.274443
	 -2.66 	 -2.73 	 13.56 	 -1.421200
	 -2.74 	 -2.69 	 13.59 	 -1.546918
	 -2.82 	 -2.65 	 13.62 	 -1.652149
	 -2.90 	 -2.61 	 13.65 	 -1.737654
	 -2.98 	 -2.57 	 13.68 	 -1.804371
	 -3.05 	 -2.52 	 13.71 	 -1.853393
	 -3.13 	 -2.48 	 13.74 	 -1.885929
	 -3.20 	 -2.43 	 13.77 	 -1.903284
	 -3.27 	 -2.38 	 13.80 	 -1.906825
	 -3.34 	 -2.33 	 13.83 	 -1.897957
	 -3.41 	 -2.28 	 13.86 	 -1.878097
	 -3.48 	 -2.23 	 13.89 	 -1.848651
	 -3.54 	 -2.18 	 13.92 	 -1.810993
	 -3.61 	 -2.13 	 13.95 	 -1.766448
	 -3.67 	 -2.07 	 13.98 	 -1.716275
	 -3.73 	 -2.02 	 14.01 	 -1.661656
	 -3.79 	 -1.96 	 14.04 	 -1.603683
	 -3.85 	 -1.90 	 14.07 	 -1.543352
	 -3.90 	 -1.85 	 14.10 	 -1.481555
	 -3.95 	 -1.79 	 14.13 	 -1.419079
	 -4.01 	 -1.73 	 14.16 	 -1.356605
	 -4.06 	 -1.67 	 14.19 	 -1.294704
	 -4.10 	 -1.61 	 14.22 	 -1.233844
	 -4.15 	 -1.55 	 14.25 	 -1.174391
	 -4.20 	 -1.48 	 14.28 	 -1.116614
	 -4.24 	 -1.42 	 14.31 	 -1.060690
	 -4.28 	 -1.36 	 14.34 	 -1.006709
	 -4.32 	 -1.29 	 14.37 	 -0.954685
	 -4.35 	 -1.23 	 14.40 	 -0.904556
	 -4.39 	 -1.16 	 14.43 	 -0.856199
	 -4.42 	 -1.10 	 14.46 	 -0.809429
	 -4.45 	 -1.03 	 14.49 	 -0.764012
	 -4.48 	 -0.96 	 14.52 	 -0.719671
	 -4.51 	 -0.90 	 14.55 	 -0.676090
	 -4.53 	 -0.83 	 14.58 	 -0.632920
	 -4.56 	 -0.76 	 14.61 	 -0.589787
	 -4.58 	 -0.69 	 14.64 	 -0.546298
	 -4.60 	 -0.62 	 14.67 	 -0.502040
	 -4.61 	 -0.56 	 14.70 	 -0.456591
	 -4.63 	 -0.49 	 14.73 	 -0.409520
	 -4.64 	 -0.42 	 14.76 	 -0.360388
	 -4.65 	 -0.35 	 14.79 	 -0.308758
	 -4.66 	 -0.28 	 14.82 	 -0.254191
	 -4.67 	 -0.21 	 14.85 	 -0.196249
	 -4.67 	 -0.14 	 14.88 	 -0.134499
	 -4.67 	 -0.07 	 14.91 	 -0.068514
	 -4.67 	 0.00 	 14.94 	 0.002126
	 -4.67 	 0.07 	 14.97 	 0.077835
	 -4.66 	 0.14 	 15.00 	 0.159016
	 -4.66 	 0.21 	 15.03 	 0.246063
	 -4.65 	 0.28 	 15.06 	 0.339356
	 -4.64 	 0.35 	 15.09 	 0.439263
	 -4.63 	 0.42 	 15.12 	 0.546139
	 -4.61 	 0.49 	 15.15 	 0.660320
	 -4.60 	 0.56 	 15.18 	 0.782125
	 -4.58 	 0.63 	 15.21 	 0.911849
	 -4.56 	 0.70 	 15.24 	 1.049765
	 -4.53 	 0.77 	 15.27 	 1.196118
	 -4.51 	 0.83 	 15.30 	 1.351120
	 -4.48 	 0.90 	 15.33 	 1.514948
	 -4.45 	 0.97 	 15.36 	 1.687740
	 -4.42 	 1.04 	 15.39 	 1.869584
	 -4.39 	 1.10 	 15.42 	 2.060520
	 -4.35 	 1.17 	 15.45 	 2.260530
	 -4.32 	 1.23 	 15.48 	 2.469531
	 -4.28 	 1.30 	 15.51 	 2.687370
	 -4.24 	 1.36 	 15.54 	 2.913817
	 -4.19 	 1.43 	 15.57 	 3.148560
	 -4.15 	 1.49 	 15.60 	 3.391194
	 -4.10 	 1.55 	 15.63 	 3.641222
	 -4.05 	 1.61 	 15.66 	 3.898042
	 -4.00 	 1.67 	 15.69 	 4.160946
	 -3.95 	 1.73 	 15.72 	 4.429117
	 -3.90 	 1.79 	 15.75 	 4.701625
	 -3.84 	 1.85 	 15.78 	 4.977422
	 -3.78 	 1.91 	 15.81 	 5.255350
	 -3.73 	 1.96 	 15.84 	 5.534135
	 -3.66 	 2.02 	 15.87 	 5.812396
	 -3.60 	 2.08 	 15.90 	 6.088649
	 -3.54 	 2.13 	 15.93 	 6.361316
	 -3.47 	 2.18 	 15.96 	 6.628738
	 -3.41 	 2.23 	 15.99 	 6.889184
	 -3.34 	 2.29 	 16.02 	 7.140872
	 -3.27 	 2.34 	 16.05 	 7.381984
	 -3.20 	 2.39 	 16.08 	 7.610692
	 -3.12 	 2.43 	 16.11 	 7.825177
	 -3.05 	 2.48 	 16.14 	 8.023654
	 -2.97 	 2.53 	 16.17 	 8.204407
	 -2.90 	 2.57 	 16.20 	 8.365808
	 -2.82 	 2.61 	 16.23 	 8.506353
	 -2.74 	 2.66 	 16.26 	 8.624690
	 -2.66 	 2.70 	 16.29 	 8.719652
	 -2.57 	 2.74 	 16.32 	 8.790280
	 -2.49 	 2.78 	 16.35 	 8.835856
	 -2.41 	 2.81 	 16.38 	 8.855927
	 -2.32 	 2.85 	 16.41 	 8.850326
	 -2.24 	 2.88 	 16.44 	 8.819192
	 -2.15 	 2.92 	 16.47 	 8.762985
	 -2.06 	 2.95 	 16.50 	 8.682495
	 -1.97 	 2.98 	 16.53 	 8.578844
	 -1.88 	 3.01 	 16.56 	 8.453490
	 -1.79 	 3.04 	 16.59 	 8.308213
	 -1.70 	 3.06 	 16.62 	 8.145102
	 -1.60 	 3.09 	 16.65 	 7.966538
	 -1.51 	 3.11 	 16.68 	 7.775160
	 -1.42 	 3.14 	 16.71 	 7.573837
	 -1.32 	 3.16 	 16.74 	 7.365627
	 -1.23 	 3.18 	 16.77 	 7.153732
	 -1.13 	 3.20 	 16.80 	 6.941449
	 -1.03 	 3.21 	 16.83 	 6.732119
	 -0.94 	 3.23 	 16.86 	 6.529071
	 -0.84 	 3.24 	 16.89 	 6.335568
	 -0.74 	 3.26 	 16.92 	 6.154746
	 -0.64 	 3.27 	 16.95 	 5.989565
	 -0.55 	 3.28 	 16.98 	 5.842749
	 -0.45 	 3.28 	 17.01 	 5.716743
	 -0.35 	 3.29 	 17.04 	 5.613661
	 -0.25 	 3.30 	 17.07 	 5.535251
	 -0.15 	 3.30 	 17.10 	 5.482862
	 -0.05 	 3.30 	 17.13 	 5.457414
	 0.05 	 3.30 	 17.16 	 5.459387
	 0.15 	 3.30 	 17.19 	 5.488806
	 0.25 	 3.30 	 17.22 	 5.545242
	 0.34 	 3.30 	 17.25 	 5.627823
	 0.44 	 3.29 	 17.28 	 5.735245
	 0.54 	 3.28 	 17.31 	 5.865803
	 0.64 	 3.28 	 17.34 	 6.017418
	 0.74 	 3.27 	 17.37 	 6.187676
	 0.84 	 3.26 	 17.40 	 6.373877
	 0.93 	 3.24 	 17.43 	 6.573080
	 1.03 	 3.23 	 17.46 	 6.782156
	 1.13 	 3.21 	 17.49 	 6.997845
	 1.22 	 3.20 	 17.52 	 7.216813
	 1.32 	 3.18 	 17.55 	 7.435704
	 1.41 	 3.16 	 17.58 	 7.651200
	 1.51 	 3.14 	 17.61 	 7.860071
	 1.60 	 3.12 	 17.64 	 8.059225
	 1.69 	 3.09 	 17.67 	 8.245754
	 1.79 	 3.07 	 17.70 	 8.416973
	 1.88 	 3.04 	 17.73 	 8.570452
	 1.97 	 3.01 	 17.76 	 8.704049
	 2.06 	 2.98 	 17.79 	 8.815930
	 2.14 	 2.95 	 17.82 	 8.904582
	 2.23 	 2.92 	 17.85 	 8.968827
	 2.32 	 2.88 	 17.88 	 9.007818
	 2.40 	 2.85 	 17.91 	 9.021043
	 2.49 	 2.81 	 17.94 	 9.008310
	 2.57 	 2.78 	 17.97 	 8.969738
	 2.65 	 2.74 	 18.00 	 8.905734
	 2.73 	 2.70 	 18.03 	 8.816977
	 2.81 	 2.66 	 18.06 	 8.704387
	 2.89 	 2.62 	 18.09 	 8.569101
	 2.97 	 2.57 	 18.12 	 8.412445
	 3.05 	 2.53 	 18.15 	 8.235901
	 3.12 	 2.48 	 18.18 	 8.041079
	 3.19 	 2.43 	 18.21 	 7.829689
	 3.27 	 2.39 	 18.24 	 7.603505
	 3.34 	 2.34 	 18.27 	 7.364347
	 3.40 	 2.29 	 18.30 	 7.114048
	 3.47 	 2.24 	 18.33 	 6.854432
	 3.54 	 2.18 	 18.36 	 6.587293
	 3.60 	 2.13 	 18.39 	 6.314375
	 3.66 	 2.08 	 18.42 	 6.037357
	 3.72 	 2.02 	 18.45 	 5.757837
	 3.78 	 1.97 	 18.48 	 5.477321
	 3.84 	 1.91 	 18.51 	 5.197215
	 3.90 	 1.85 	 18.54 	 4.918817
	 3.95 	 1.79 	 18.57 	 4.643315
	 4.00 	 1.73 	 18.60 	 4.371782
	 4.05 	 1.67 	 18.63 	 4.105176
	 4.10 	 1.61 	 18.66 	 3.844343
	 4.15 	 1.55 	 18.69 	 3.590018
	 4.19 	 1.49 	 18.72 	 3.342829
	 4.23 	 1.43 	 18.75 	 3.103302
	 4.27 	 1.36 	 18.78 	 2.871865
	 4.31 	 1.30 	 18.81 	 2.648858
	 4.35 	 1.24 	 18.84 	 2.434533
	 4.39 	 1.17 	 18.87 	 2.229067
	 4.42 	 1.10 	 18.90 	 2.032564
	 4.45 	 1.04 	 18.93 	 1.845064
	 4.48 	 0.97 	 18.96 	 1.666548
	 4.51 	 0.90 	 18.99 	 1.496944
	 4.53 	 0.84 	 19.02 	 1.336134
	 4.55 	 0.77 	 19.05 	 1.183959
	 4.58 	 0.70 	 19.08 	 1.040221
	 4.59 	 0.63 	 19.11 	 0.904691
	 4.61 	 0.56 	 19.14 	 0.777112
	 4.63 	 0.49 	 19.17 	 0.657200
	 4.64 	 0.42 	 19.20 	 0.544650
	 4.65 	 0.35 	 19.23 	 0.439139
	 4.66 	 0.28 	 19.26 	 0.340325
	 4.66 	 0.21 	 19.29 	 0.247849
	 4.67 	 0.14 	 19.32 	 0.161343
	 4.67 	 0.07 	 19.35 	 0.080423
	 4.67 	 0.00 	 19.38 	 0.004694
	 4.67 	 -0.07 	 19.41 	 -0.066245
	 4.67 	 -0.14 	 19.44 	 -0.132809
	 4.66 	 -0.21 	 19.47 	 -0.195415
	 4.65 	 -0.28 	 19.50 	 -0.254490
	 4.64 	 -0.35 	 19.53 	 -0.310463
	 4.63 	 -0.41 	 19.56 	 -0.363768
	 4.61 	 -0.48 	 19.59 	 -0.414839
	 4.60 	 -0.55 	 19.62 	 -0.464106
	 4.58 	 -0.62 	 19.65 	 -0.511999
	 4.56 	 -0.69 	 19.68 	 -0.558938
	 4.53 	 -0.76 	 19.71 	 -0.605333
	 4.51 	 -0.83 	 19.74 	 -0.651578
	 4.48 	 -0.90 	 19.77 	 -0.698048
	 4.45 	 -0.96 	 19.80 	 -0.745092
	 4.42 	 -1.03 	 19.83 	 -0.793031
	 4.39 	 -1.10 	 19.86 	 -0.842149
	 4.36 	 -1.16 	 19.89 	 -0.892685
	 4.32 	 -1.23 	 19.92 	 -0.944831
	 4.28 	 -1.29 	 19.95 	 -0.998722
	 4.24 	 -1.36 	 19.98 	 -1.054429
	 4.20 	 -1.42 	 20.01 	 -1.111954
	 4.15 	 -1.48 	 20.04 	 -1.171218
	 4.11 	 -1.54 	 20.07 	 -1.232061
	 4.06 	 -1.61 	 20.10 	 -1.294232
	 4.01 	 -1.67 	 20.13 	 -1.357381
	 3.96 	 -1.73 	 20.16 	 -1.421061
	 3.90 	 -1.79 	 20.19 	 -1.484718
	 3.85 	 -1.84 	 20.22 	 -1.547693
	 3.79 	 -1.90 	 20.25 	 -1.609218
	 3.73 	 -1.96 	 20.28 	 -1.668420
	 3.67 	 -2.02 	 20.31 	 -1.724323
	 3.61 	 -2.07 	 20.34 	 -1.775853
	 3.54 	 -2.12 	 20.37 	 -1.821845
	 3.48 	 -2.18 	 20.40 	 -1.861055
	 3.41 	 -2.23 	 20.43 	 -1.892171
	 3.34 	 -2.28 	 20.46 	 -1.913828
	 3.27 	 -2.33 	 20.49 	 -1.924628
	 3.20 	 -2.38 	 20.52 	 -1.923158
	 3.13 	 -2.43 	 20.55 	 -1.908012
	 3.06 	 -2.48 	 20.58 	 -1.877820
	 2.98 	 -2.52 	 20.61 	 -1.831269
	 2.90 	 -2.57 	 20.64 	 -1.767136
	 2.82 	 -2.61 	 20.67 	 -1.684314
	 2.75 	 -2.65 	 20.70 	 -1.581841
	 2.66 	 -2.69 	 20.73 	 -1.458930
	 2.58 	 -2.73 	 20.76 	 -1.315001
	 2.50 	 -2.77 	 20.79 	 -1.149701
	 2.41 	 -2.81 	 20.82 	 -0.962934
	 2.33 	 -2.85 	 20.85 	 -0.754884
	 2.24 	 -2.88 	 20.88 	 -0.526029
	 2.16 	 -2.91 	 20.91 	 -0.277158
	 2.07 	 -2.95 	 20.94 	 -0.009381
	 1.98 	 -2.98 	 20.97 	 0.275869
	 1.89 	 -3.01 	 21.00 	 0.576835
	 1.80 	 -3.04 	 21.03 	 0.891448
	 1.70 	 -3.06 	 21.06 	 1.217337
	 1.61 	 -3.09 	 21.09 	 1.551854
	 1.52 	 -3.11 	 21.12 	 1.892097
	 1.42 	 -3.13 	 21.15 	 2.234949
	 1.33 	 -3.16 	 21.18 	 2.577110
	 1.23 	 -3.18 	 21.21 	 2.915150
	 1.14 	 -3.19 	 21.24 	 3.245549
	 1.04 	 -3.21 	 21.27 	 3.564756
	 0.95 	 -3.23 	 21.30 	 3.869241
	 0.85 	 -3.24 	 21.33 	 4.155553
	 0.75 	 -3.25 	 21.36 	 4.420374
	 0.65 	 -3.27 	 21.39 	 4.660579
	 0.55 	 -3.28 	 21.42 	 4.873285
	 0.46 	 -3.28 	 21.45 	 5.055907
	 0.36 	 -3.29 	 21.48 	 5.206198
	 0.26 	 -3.30 	 21.51 	 5.322292
	 0.16 	 -3.30 	 21.54 	 5.402741
	 0.06 	 -3.30 	 21.57 	 5.446536
	 -0.04 	 -3.30 	 21.60 	 5.453128
	 -0.14 	 -3.30 	 21.63 	 5.422438
	 -0.24 	 -3.30 	 21.66 	 5.354860
	 -0.34 	 -3.30 	 21.69 	 5.251250
	 -0.43 	 -3.29 	 21.72 	 5.112914
	 -0.53 	 -3.29 	 21.75 	 4.941581
	 -0.63 	 -3.28 	 21.78 	 4.739375
	 -0.73 	 -3.27 	 21.81 	 4.508772
	 -0.83 	 -3.26 	 21.84 	 4.252561
	 -0.92 	 -3.24 	 21.87 	 3.973791
	 -1.02 	 -3.23 	 21.90 	 3.675720
	 -1.12 	 -3.22 	 21.93 	 3.361761
	 -1.21 	 -3.20 	 21.96 	 3.035421
	 -1.31 	 -3.18 	 21.99 	 2.700249
	 -1.40 	 -3.16 	 22.02 	 2.359778
	 -1.50 	 -3.14 	 22.05 	 2.017473
	 -1.59 	 -3.12 	 22.08 	 1.676678
	 -1.68 	 -3.09 	 22.11 	 1.340576
	 -1.78 	 -3.07 	 22.14 	 1.012139
	 -1.87 	 -3.04 	 22.17 	 0.694104
	 -1.96 	 -3.01 	 22.20 	 0.388931
	 -2.05 	 -2.98 	 22.23 	 0.098792
	 -2.14 	 -2.95 	 22.26 	 -0.174455
	 -2.22 	 -2.92 	 22.29 	 -0.429270
	 -2.31 	 -2.89 	 22.32 	 -0.664438
	 -2.40 	 -2.85 	 22.35 	 -0.879067
	 -2.48 	 -2.82 	 22.38 	 -1.072577
	 -2.56 	 -2.78 	 22.41 	 -1.244692
	 -2.65 	 -2.74 	 22.44 	 -1.395419
	 -2.73 	 -2.70 	 22.47 	 -1.525029
	 -2.81 	 -2.66 	 22.50 	 -1.634032
	 -2.89 	 -2.62 	 22.53 	 -1.723151
	 -2.96 	 -2.58 	 22.56 	 -1.793297
	 -3.04 	 -2.53 	 22.59 	 -1.845532
	 -3.11 	 -2.49 	 22.62 	 -1.881049
	 -3.19 	 -2.44 	 22.65 	 -1.901135
	 -3.26 	 -2.39 	 22.68 	 -1.907149
	 -3.33 	 -2.34 	 22.71 	 -1.900489
	 -3.40 	 -2.29 	 22.74 	 -1.882574
	 -3.46 	 -2.24 	 22.77 	 -1.854811
	 -3.53 	 -2.19 	 22.80 	 -1.818583
	 -3.59 	 -2.14 	 22.83 	 -1.775226
	 -3.66 	 -2.08 	 22.86 	 -1.726011
	 -3.72 	 -2.03 	 22.89 	 -1.672137
	 -3.78 	 -1.97 	 22.92 	 -1.614711
	 -3.83 	 -1.92 	 22.95 	 -1.554749
	 -3.89 	 -1.86 	 22.98 	 -1.493163
	 -3.94 	 -1.80 	 23.01 	 -1.430759
	 -4.00 	 -1.74 	 23.04 	 -1.368237
	 -4.05 	 -1.68 	 23.07 	 -1.306191
	 -4.10 	 -1.62 	 23.10 	 -1.245106
	 -4.14 	 -1.56 	 23.13 	 -1.185367
	 -4.19 	 -1.50 	 23.16 	 -1.127261
	 -4.23 	 -1.43 	 23.19 	 -1.070982
	 -4.27 	 -1.37 	 23.22 	 -1.016635
	 -4.31 	 -1.31 	 23.25 	 -0.964248
	 -4.35 	 -1.24 	 23.28 	 -0.913773
	 -4.38 	 -1.18 	 23.31 	 -0.865097
	 -4.42 	 -1.11 	 23.34 	 -0.818047
	 -4.45 	 -1.04 	 23.37 	 -0.772398
	 -4.48 	 -0.98 	 23.40 	 -0.727879
	 -4.50 	 -0.91 	 23.43 	 -0.684182
	 -4.53 	 -0.84 	 23.46 	 -0.640963
	 -4.55 	 -0.77 	 23.49 	 -0.597853
	 -4.57 	 -0.71 	 23.52 	 -0.554461
	 -4.59 	 -0.64 	 23.55 	 -0.510378
	 -4.61 	 -0.57 	 23.58 	 -0.465184
	 -4.62 	 -0.50 	 23.61 	 -0.418448
	 -4.64 	 -0.43 	 23.64 	 -0.369735
	 -4.65 	 -0.36 	 23.67 	 -0.318605
	 -4.66 	 -0.29 	 23.70 	 -0.264618
	 -4.66 	 -0.22 	 23.73 	 -0.207339
	 -4.67 	 -0.15 	 23.76 	 -0.146333
	 -4.67 	 -0.08 	 23.79 	 -0.081171
	 -4.67 	 -0.01 	 23.82 	 -0.011431
	 -4.67 	 0.06 	 23.85 	 0.063301
	 -4.67 	 0.13 	 23.88 	 0.143431
	 -4.66 	 0.20 	 23.91 	 0.229353
	 -4.65 	 0.27 	 23.94 	 0.321452
	 -4.64 	 0.34 	 23.97 	 0.420098
	 -4.63 	 0.41 	 24.00 	 0.525647
	 -4.61 	 0.48 	 24.03 	 0.638440
	 -4.60 	 0.55 	 24.06 	 0.758798
	 -4.58 	 0.62 	 24.09 	 0.887023
	 -4.56 	 0.68 	 24.12 	 1.023390
	 -4.54 	 0.75 	 24.15 	 1.168151
	 -4.51 	 0.82 	 24.18 	 1.321525
	 -4.49 	 0.89 	 24.21 	 1.483694
	 -4.46 	 0.96 	 24.24 	 1.654804
	 -4.43 	 1.02 	 24.27 	 1.834954
	 -4.39 	 1.09 	 24.30 	 2.024194
	 -4.36 	 1.16 	 24.33 	 2.222514
	 -4.32 	 1.22 	 24.36 	 2.429846
	 -4.28 	 1.29 	 24.39 	 2.646051
	 -4.24 	 1.35 	 24.42 	 2.870912
	 -4.20 	 1.41 	 24.45 	 3.104135
	 -4.16 	 1.48 	 24.48 	 3.345331
	 -4.11 	 1.54 	 24.51 	 3.594021
	 -4.06 	 1.60 	 24.54 	 3.849624
	 -4.01 	 1.66 	 24.57 	 4.111451
	 -3.96 	 1.72 	 24.60 	 4.378707
	 -3.91 	 1.78 	 24.63 	 4.650481
	 -3.85 	 1.84 	 24.66 	 4.925749
	 -3.80 	 1.90 	 24.69 	 5.203372
	 -3.74 	 1.95 	 24.72 	 5.482099
	 -3.68 	 2.01 	 24.75 	 5.760567
	 -3.61 	 2.07 	 24.78 	 6.037312
	 -3.55 	 2.12 	 24.81 	 6.310772
	 -3.49 	 2.17 	 24.84 	 6.579302
	 -3.42 	 2.23 	 24.87 	 6.841184
	 -3.35 	 2.28 	 24.90 	 7.094644
	 -3.28 	 2.33 	 24.93 	 7.337869
	 -3.21 	 2.38 	 24.96 	 7.569031
	 -3.14 	 2.42 	 24.99 	 7.786307
	 -3.06 	 2.47 	 25.02 	 7.987905
	 -2.99 	 2.52 	 25.05 	 8.172092
	 -2.91 	 2.56 	 25.08 	 8.337223
	 -2.83 	 2.61 	 25.11 	 8.481768
	 -2.75 	 2.65 	 25.14 	 8.604346
	 -2.67 	 2.69 	 25.17 	 8.703750
	 -2.59 	 2.73 	 25.20 	 8.778981
	 -2.51 	 2.77 	 25.23 	 8.829276
	 -2.42 	 2.81 	 25.26 	 8.854129
	 -2.34 	 2.84 	 25.29 	 8.853318
	 -2.25 	 2.88 	 25.32 	 8.826924
	 -2.16 	 2.91 	 25.35 	 8.775347
	 -2.08 	 2.94 	 25.38 	 8.699314
	 -1.99 	 2.97 	 25.41 	 8.599885
	 -1.90 	 3.00 	 25.44 	 8.478457
	 -1.81 	 3.03 	 25.47 	 8.336748
	 -1.71 	 3.06 	 25.50 	 8.176794
	 -1.62 	 3.09 	 25.53 	 8.000920
	 -1.53 	 3.11 	 25.56 	 7.811723
	 -1.43 	 3.13 	 25.59 	 7.612029
	 -1.34 	 3.15 	 25.62 	 7.404865
	 -1.24 	 3.17 	 25.65 	 7.193410
	 -1.15 	 3.19 	 25.68 	 6.980946
	 -1.05 	 3.21 	 25.71 	 6.770811
	 -0.95 	 3.23 	 25.74 	 6.566341
	 -0.86 	 3.24 	 25.77 	 6.370813
	 -0.76 	 3.25 	 25.80 	 6.187394
	 -0.66 	 3.26 	 25.83 	 6.019079
	 -0.56 	 3.27 	 25.86 	 5.868641
	 -0.47 	 3.28 	 25.89 	 5.738580
	 -0.37 	 3.29 	 25.92 	 5.631075
	 -0.27 	 3.30 	 25.95 	 5.547946
	 -0.17 	 3.30 	 25.98 	 5.490617
	 -0.07 	 3.30 	 26.01 	 5.460091
	 0.03 	 3.30 	 26.04 	 5.456931
	 0.13 	 3.30 	 26.07 	 5.481246
	 0.23 	 3.30 	 26.10 	 5.532692
	 0.33 	 3.30 	 26.13 	 5.610480
	 0.43 	 3.29 	 26.16 	 5.713383
	 0.52 	 3.29 	 26.19 	 5.839770
	 0.62 	 3.28 	 26.22 	 5.987628
	 0.72 	 3.27 	 26.25 	 6.154604
	 0.82 	 3.26 	 26.28 	 6.338046
	 0.92 	 3.25 	 26.31 	 6.535055
	 1.01 	 3.23 	 26.34 	 6.742533
	 1.11 	 3.22 	 26.37 	 6.957239
	 1.20 	 3.20 	 26.40 	 7.175850
	 1.30 	 3.18 	 26.43 	 7.395008
	 1.40 	 3.16 	 26.46 	 7.611386
	 1.49 	 3.14 	 26.49 	 7.821733
	 1.58 	 3.12 	 26.52 	 8.022928
	 1.68 	 3.10 	 26.55 	 8.212025
	 1.77 	 3.07 	 26.58 	 8.386293
	 1.86 	 3.04 	 26.61 	 8.543255
	 1.95 	 3.02 	 26.64 	 8.680712
	 2.04 	 2.99 	 26.67 	 8.796770
	 2.13 	 2.96 	 26.70 	 8.889858
	 2.22 	 2.92 	 26.73 	 8.958732
	 2.30 	 2.89 	 26.76 	 9.002486
	 2.39 	 2.86 	 26.79 	 9.020544
	 2.47 	 2.82 	 26.82 	 9.012656
	 2.56 	 2.78 	 26.85 	 8.978884
	 2.64 	 2.75 	 26.88 	 8.919583
	 2.72 	 2.71 	 26.91 	 8.835383
	 2.80 	 2.67 	 26.94 	 8.727160
	 2.88 	 2.62 	 26.97 	 8.596015
	 2.96 	 2.58 	 27.00 	 8.443239
	 3.03 	 2.54 	 27.03 	 8.270288
	 3.11 	 2.49 	 27.06 	 8.078751
	 3.18 	 2.44 	 27.09 	 7.870320
	 3.25 	 2.40 	 27.12 	 7.646760
	 3.32 	 2.35 	 27.15 	 7.409885
	 3.39 	 2.30 	 27.18 	 7.161526
	 3.46 	 2.25 	 27.21 	 6.903511
	 3.52 	 2.19 	 27.24 	 6.637642
	 3.59 	 2.14 	 27.27 	 6.365673
	 3.65 	 2.09 	 27.30 	 6.089297
	 3.71 	 2.03 	 27.33 	 5.810126
	 3.77 	 1.98 	 27.36 	 5.529686
	 3.83 	 1.92 	 27.39 	 5.249402
	 3.89 	 1.86 	 27.42 	 4.970592
	 3.94 	 1.80 	 27.45 	 4.694465
	 3.99 	 1.75 	 27.48 	 4.422115
	 4.04 	 1.69 	 27.51 	 4.154522
	 4.09 	 1.63 	 27.54 	 3.892552
	 4.14 	 1.56 	 27.57 	 3.636962
	 4.18 	 1.50 	 27.60 	 3.388398
	 4.23 	 1.44 	 27.63 	 3.147405
	 4.27 	 1.38 	 27.66 	 2.914430
	 4.31 	 1.31 	 27.69 	 2.689828
	 4.34 	 1.25 	 27.72 	 2.473867
	 4.38 	 1.18 	 27.75 	 2.266737
	 4.41 	 1.12 	 27.78 	 2.068557
	 4.44 	 1.05 	 27.81 	 1.879376
	 4.47 	 0.98 	 27.84 	 1.699187
	 4.50 	 0.92 	 27.87 	 1.527927
	 4.53 	 0.85 	 27.90 	 1.365487
	 4.55 	 0.78 	 27.93 	 1.211714
	 4.57 	 0.71 	 27.96 	 1.066418
	 4.59 	 0.64 	 27.99 	 0.929375
	 4.61 	 0.58 	 28.02 	 0.800333
	 4.62 	 0.51 	 28.05 	 0.679012
	 4.64 	 0.44 	 28.08 	 0.565113
	 4.65 	 0.37 	 28.11 	 0.458313
	 4.66 	 0.30 	 28.14 	 0.358275
	 4.66 	 0.23 	 28.17 	 0.264645
	 4.67 	 0.16 	 28.20 	 0.177053
	 4.67 	 0.09 	 28.23 	 0.095120
	 4.67 	 0.02 	 28.26 	 0.018453
	 4.67 	 -0.05 	 28.29 	 -0.053350
	 4.67 	 -0.12 	 28.32 	 -0.120698
	 4.66 	 -0.19 	 28.35 	 -0.184011
	 4.65 	 -0.26 	 28.38 	 -0.243712
	 4.64 	 -0.33 	 28.41 	 -0.300232
	 4.63 	 -0.40 	 28.44 	 -0.354002
	 4.62 	 -0.47 	 28.47 	 -0.405456
	 4.60 	 -0.54 	 28.50 	 -0.455028
	 4.58 	 -0.61 	 28.53 	 -0.503145
	 4.56 	 -0.68 	 28.56 	 -0.550231
	 4.54 	 -0.75 	 28.59 	 -0.596697
	 4.51 	 -0.81 	 28.62 	 -0.642941
	 4.49 	 -0.88 	 28.65 	 -0.689341
	 4.46 	 -0.95 	 28.68 	 -0.736253
	 4.43 	 -1.02 	 28.71 	 -0.784002
	 4.40 	 -1.08 	 28.74 	 -0.832880
	 4.36 	 -1.15 	 28.77 	 -0.883135
	 4.33 	 -1.21 	 28.80 	 -0.934969
	 4.29 	 -1.28 	 28.83 	 -0.988527
	 4.25 	 -1.34 	 28.86 	 -1.043893
	 4.20 	 -1.41 	 28.89 	 -1.101082
	 4.16 	 -1.47 	 28.92 	 -1.160031
	 4.11 	 -1.53 	 28.95 	 -1.220596
	 4.07 	 -1.59 	 28.98 	 -1.282542
	 4.02 	 -1.66 	 29.01 	 -1.345540
	 3.97 	 -1.72 	 29.04 	 -1.409159
	 3.91 	 -1.78 	 29.07 	 -1.472868
	 3.86 	 -1.83 	 29.10 	 -1.536024
	 3.80 	 -1.89 	 29.13 	 -1.597883
	 3.74 	 -1.95 	 29.16 	 -1.657590
	 3.68 	 -2.01 	 29.19 	 -1.714187
	 3.62 	 -2.06 	 29.22 	 -1.766619
	 3.56 	 -2.11 	 29.25 	 -1.813737
	 3.49 	 -2.17 	 29.28 	 -1.854311
	 3.43 	 -2.22 	 29.31 	 -1.887040
	 3.36 	 -2.27 	 29.34 	 -1.910568
	 3.29 	 -2.32 	 29.37 	 -1.923501
	 3.22 	 -2.37 	 29.40 	 -1.924428
	 3.14 	 -2.42 	 29.43 	 -1.911940
	 3.07 	 -2.47 	 29.46 	 -1.884658
	 2.99 	 -2.51 	 29.49 	 -1.841257
	 2.92 	 -2.56 	 29.52 	 -1.780493
	 2.84 	 -2.60 	 29.55 	 -1.701237
	 2.76 	 -2.64 	 29.58 	 -1.602497
	 2.68 	 -2.69 	 29.61 	 -1.483451
	 2.60 	 -2.73 	 29.64 	 -1.343479
	 2.51 	 -2.76 	 29.67 	 -1.182183
	 2.43 	 -2.80 	 29.70 	 -0.999418
	 2.35 	 -2.84 	 29.73 	 -0.795313
	 2.26 	 -2.87 	 29.76 	 -0.570290
	 2.17 	 -2.91 	 29.79 	 -0.325081
	 2.08 	 -2.94 	 29.82 	 -0.060733
	 1.99 	 -2.97 	 29.85 	 0.221379
	 1.90 	 -3.00 	 29.88 	 0.519560
	 1.81 	 -3.03 	 29.91 	 0.831797
	 1.72 	 -3.06 	 29.94 	 1.155774
	 1.63 	 -3.08 	 29.97 	 1.488894
	 1.54 	 -3.11 	 30.00 	 1.828299
	 1.44 	 -3.13 	 30.03 	 2.170909
	 1.35 	 -3.15 	 30.06 	 2.513457
	 1.25 	 -3.17 	 30.09 	 2.852531
	 1.16 	 -3.19 	 30.12 	 3.184625
	 1.06 	 -3.21 	 30.15 	 3.506190
	 0.96 	 -3.22 	 30.18 	 3.813688
	 0.87 	 -3.24 	 30.21 	 4.103649
	 0.77 	 -3.25 	 30.24 	 4.372725
	 0.67 	 -3.26 	 30.27 	 4.617751
	 0.57 	 -3.27 	 30.30 	 4.835796
	 0.47 	 -3.28 	 30.33 	 5.024214
	 0.38 	 -3.29 	 30.36 	 5.180692
	 0.28 	 -3.30 	 30.39 	 5.303292
	 0.18 	 -3.30 	 30.42 	 5.390484
	 0.08 	 -3.30 	 30.45 	 5.441176
	 -0.02 	 -3.30 	 30.48 	 5.454731
	 -0.12 	 -3.30 	 30.51 	 5.430984
	 -0.22 	 -3.30 	 30.54 	 5.370240
	 -0.32 	 -3.30 	 30.57 	 5.273269
	 -0.42 	 -3.29 	 30.60 	 5.141295
	 -0.51 	 -3.29 	 30.63 	 4.975971
	 -0.61 	 -3.28 	 30.66 	 4.779349
	 -0.71 	 -3.27 	 30.69 	 4.553843
	 -0.81 	 -3.26 	 30.72 	 4.302188
	 -0.91 	 -3.25 	 30.75 	 4.027386
	 -1.00 	 -3.23 	 30.78 	 3.732663
	 -1.10 	 -3.22 	 30.81 	 3.421405
	 -1.20 	 -3.20 	 30.84 	 3.097107
	 -1.29 	 -3.18 	 30.87 	 2.763314
	 -1.39 	 -3.16 	 30.90 	 2.423566
	 -1.48 	 -3.14 	 30.93 	 2.081345
	 -1.57 	 -3.12 	 30.96 	 1.740022
	 -1.67 	 -3.10 	 30.99 	 1.402811
	 -1.76 	 -3.07 	 31.02 	 1.072729
	 -1.85 	 -3.05 	 31.05 	 0.752556
	 -1.94 	 -3.02 	 31.08 	 0.444809
	 -2.03 	 -2.99 	 31.11 	 0.151713
	 -2.12 	 -2.96 	 31.14 	 -0.124813
	 -2.21 	 -2.93 	 31.17 	 -0.383170
	 -2.29 	 -2.89 	 31.20 	 -0.622083
	 -2.38 	 -2.86 	 31.23 	 -0.840598
	 -2.46 	 -2.82 	 31.26 	 -1.038080
	 -2.55 	 -2.79 	 31.29 	 -1.214196
	 -2.63 	 -2.75 	 31.32 	 -1.368901
	 -2.71 	 -2.71 	 31.35 	 -1.502420
	 -2.79 	 -2.67 	 31.38 	 -1.615221
	 -2.87 	 -2.63 	 31.41 	 -1.707988
	 -2.95 	 -2.58 	 31.44 	 -1.781598
	 -3.02 	 -2.54 	 31.47 	 -1.837089
	 -3.10 	 -2.49 	 31.50 	 -1.875631
	 -3.17 	 -2.45 	 31.53 	 -1.898496
	 -3.25 	 -2.40 	 31.56 	 -1.907031
	 -3.32 	 -2.35 	 31.59 	 -1.902629
	 -3.38 	 -2.30 	 31.62 	 -1.886707
	 -3.45 	 -2.25 	 31.65 	 -1.860676
	 -3.52 	 -2.20 	 31.68 	 -1.825925
	 -3.58 	 -2.15 	 31.71 	 -1.783800
	 -3.65 	 -2.09 	 31.74 	 -1.735585
	 -3.71 	 -2.04 	 31.77 	 -1.682493
	 -3.77 	 -1.98 	 31.80 	 -1.625651
	 -3.82 	 -1.93 	 31.83 	 -1.566090
	 -3.88 	 -1.87 	 31.86 	 -1.504742
	 -3.93 	 -1.81 	 31.89 	 -1.442435
	 -3.99 	 -1.75 	 31.92 	 -1.379887
	 -4.04 	 -1.69 	 31.95 	 -1.317712
	 -4.09 	 -1.63 	 31.98 	 -1.256415
	 -4.13 	 -1.57 	 32.01 	 -1.196400
	 -4.18 	 -1.51 	 32.04 	 -1.137972
	 -4.22 	 -1.45 	 32.07 	 -1.081341
	 -4.26 	 -1.38 	 32.10 	 -1.026630
	 -4.30 	 -1.32 	 32.13 	 -0.973878
	 -4.34 	 -1.25 	 32.16 	 -0.923053
	 -4.38 	 -1.19 	 32.19 	 -0.874053
	 -4.41 	 -1.12 	 32.22 	 -0.826715
	 -4.44 	 -1.06 	 32.25 	 -0.780824
	 -4.47 	 -0.99 	 32.28 	 -0.736116
	 -4.50 	 -0.92 	 32.31 	 -0.692291
	 -4.52 	 -0.86 	 32.34 	 -0.649009
	 -4.55 	 -0.79 	 32.37 	 -0.605908
	 -4.57 	 -0.72 	 32.40 	 -0.562599
	 -4.59 	 -0.65 	 32.43 	 -0.518677
	 -4.61 	 -0.58 	 32.46 	 -0.473723
	 -4.62 	 -0.51 	 32.49 	 -0.427308
	 -4.64 	 -0.44 	 32.52 	 -0.378997
	 -4.65 	 -0.37 	 32.55 	 -0.328351
	 -4.66 	 -0.30 	 32.58 	 -0.274931
	 -4.66 	 -0.23 	 32.61 	 -0.218300
	 -4.67 	 -0.16 	 32.64 	 -0.158022
	 -4.67 	 -0.09 	 32.67 	 -0.093668
	 -4.67 	 -0.02 	 32.70 	 -0.024814
	 -4.67 	 0.05 	 32.73 	 0.048956
	 -4.67 	 0.12 	 32.76 	 0.128048
	 -4.66 	 0.19 	 32.79 	 0.212859
	 -4.65 	 0.26 	 32.82 	 0.303776
	 -4.64 	 0.33 	 32.85 	 0.401173
	 -4.63 	 0.40 	 32.88 	 0.505407
	 -4.62 	 0.46 	 32.91 	 0.616823
	 -4.60 	 0.53 	 32.94 	 0.735746
	 -4.58 	 0.60 	 32.97 	 0.862480
	 -4.56 	 0.67 	 33.00 	 0.997309
	 -4.54 	 0.74 	 33.03 	 1.140485
	 -4.52 	 0.81 	 33.06 	 1.292236
	 -4.49 	 0.88 	 33.09 	 1.452752
	 -4.46 	 0.94 	 33.12 	 1.622184
	 -4.43 	 1.01 	 33.15 	 1.800642
	 -4.40 	 1.08 	 33.18 	 1.988183
	 -4.37 	 1.14 	 33.21 	 2.184812
	 -4.33 	 1.21 	 33.24 	 2.390471
	 -4.29 	 1.27 	 33.27 	 2.605033
	 -4.25 	 1.34 	 33.30 	 2.828299
	 -4.21 	 1.40 	 33.33 	 3.059987
	 -4.16 	 1.46 	 33.36 	 3.299729
	 -4.12 	 1.53 	 33.39 	 3.547062
	 -4.07 	 1.59 	 33.42 	 3.801423
	 -4.02 	 1.65 	 33.45 	 4.062146
	 -3.97 	 1.71 	 33.48 	 4.328454
	 -3.92 	 1.77 	 33.51 	 4.599459
	 -3.86 	 1.83 	 33.54 	 4.874158
	 -3.81 	 1.89 	 33.57 	 5.151433
	 -3.75 	 1.94 	 33.60 	 5.430054
	 -3.69 	 2.00 	 33.63 	 5.708679
	 -3.63 	 2.06 	 33.66 	 5.985861
	 -3.56 	 2.11 	 33.69 	 6.260057
	 -3.50 	 2.16 	 33.72 	 6.529636
	 -3.43 	 2.22 	 33.75 	 6.792892
	 -3.36 	 2.27 	 33.78 	 7.048060
	 -3.29 	 2.32 	 33.81 	 7.293334
	 -3.22 	 2.37 	 33.84 	 7.526886
	 -3.15 	 2.42 	 33.87 	 7.746891
	 -3.08 	 2.46 	 33.90 	 7.951549
	 -3.00 	 2.51 	 33.93 	 8.139114
	 -2.92 	 2.55 	 33.96 	 8.307921
	 -2.85 	 2.60 	 33.99 	 8.456418
	 -2.77 	 2.64 	 34.02 	 8.583193
	 -2.69 	 2.68 	 34.05 	 8.687004
	 -2.61 	 2.72 	 34.08 	 8.766813
	 -2.52 	 2.76 	 34.11 	 8.821809
	 -2.44 	 2.80 	 34.14 	 8.851436
	 -2.35 	 2.84 	 34.17 	 8.855418
	 -2.27 	 2.87 	 34.20 	 8.833779
	 -2.18 	 2.90 	 34.23 	 8.786856
	 -2.09 	 2.94 	 34.26 	 8.715317
	 -2.00 	 2.97 	 34.29 	 8.620159
	 -1.91 	 3.00 	 34.32 	 8.502716
	 -1.82 	 3.03 	 34.35 	 8.364647
	 -1.73 	 3.06 	 34.38 	 8.207930
	 -1.64 	 3.08 	 34.41 	 8.034838
	 -1.55 	 3.11 	 34.44 	 7.847919
	 -1.45 	 3.13 	 34.47 	 7.649961
	 -1.36 	 3.15 	 34.50 	 7.443954
	 -1.26 	 3.17 	 34.53 	 7.233053
	 -1.17 	 3.19 	 34.56 	 7.020525
	 -1.07 	 3.21 	 34.59 	 6.809701
	 -0.97 	 3.22 	 34.62 	 6.603922
	 -0.88 	 3.24 	 34.65 	 6.406481
	 -0.78 	 3.25 	 34.68 	 6.220568
	 -0.68 	 3.26 	 34.71 	 6.049216
	 -0.58 	 3.27 	 34.74 	 5.895243
	 -0.48 	 3.28 	 34.77 	 5.761203
	 -0.39 	 3.29 	 34.80 	 5.649339
	 -0.29 	 3.29 	 34.83 	 5.561540
	 -0.19 	 3.30 	 34.86 	 5.499306
	 -0.09 	 3.30 	 34.89 	 5.463722
	 0.01 	 3.30 	 34.92 	 5.455432
	 0.11 	 3.30 	 34.95 	 5.474632
	 0.21 	 3.30 	 34.98 	 5.521061
	 0.31 	 3.30 	 35.01 	 5.594012
	 0.41 	 3.29 	 35.04 	 5.692340
	 0.51 	 3.29 	 35.07 	 5.814486
	 0.60 	 3.28 	 35.10 	 5.958506
	 0.70 	 3.27 	 35.13 	 6.122106
	 0.80 	 3.26 	 35.16 	 6.302689
	 0.90 	 3.25 	 35.19 	 6.497395
	 0.99 	 3.23 	 35.22 	 6.703161
	 1.09 	 3.22 	 35.25 	 6.916769
	 1.19 	 3.20 	 35.28 	 7.134905
	 1.28 	 3.19 	 35.31 	 7.354216
	 1.38 	 3.17 	 35.34 	 7.571363
	 1.47 	 3.15 	 35.37 	 7.783077
	 1.57 	 3.12 	 35.40 	 7.986209
	 1.66 	 3.10 	 35.43 	 8.177778
	 1.75 	 3.08 	 35.46 	 8.355010
	 1.84 	 3.05 	 35.49 	 8.515378
	 1.93 	 3.02 	 35.52 	 8.656628
	 2.02 	 2.99 	 35.55 	 8.776810
	 2.11 	 2.96 	 35.58 	 8.874289
	 2.20 	 2.93 	 35.61 	 8.947761
	 2.29 	 2.90 	 35.64 	 8.996257
	 2.37 	 2.86 	 35.67 	 9.019139
	 2.46 	 2.83 	 35.70 	 9.016099
	 2.54 	 2.79 	 35.73 	 8.987139
	 2.62 	 2.75 	 35.76 	 8.932563
	 2.70 	 2.71 	 35.79 	 8.852951
	 2.78 	 2.67 	 35.82 	 8.749135
	 2.86 	 2.63 	 35.85 	 8.622175
	 2.94 	 2.59 	 35.88 	 8.473331
	 3.02 	 2.54 	 35.91 	 8.304028
	 3.09 	 2.50 	 35.94 	 8.115834
	 3.17 	 2.45 	 35.97 	 7.910424
	 3.24 	 2.40 	 36.00 	 7.689551
	 3.31 	 2.36 	 36.03 	 7.455023
	 3.38 	 2.31 	 36.06 	 7.208668
	 3.45 	 2.26 	 36.09 	 6.952318
	 3.51 	 2.20 	 36.12 	 6.687779
	 3.58 	 2.15 	 36.15 	 6.416819
	 3.64 	 2.10 	 36.18 	 6.141140
	 3.70 	 2.04 	 36.21 	 5.862372
	 3.76 	 1.99 	 36.24 	 5.582058
	 3.82 	 1.93 	 36.27 	 5.301641
	 3.87 	 1.87 	 36.30 	 5.022461
	 3.93 	 1.82 	 36.33 	 4.745747
	 3.98 	 1.76 	 36.36 	 4.472614
	 4.03 	 1.70 	 36.39 	 4.204064
	 4.08 	 1.64 	 36.42 	 3.940984
	 4.13 	 1.58 	 36.45 	 3.684151
	 4.17 	 1.51 	 36.48 	 3.434231
	 4.22 	 1.45 	 36.51 	 3.191788
	 4.26 	 1.39 	 36.54 	 2.957287
	 4.30 	 1.32 	 36.57 	 2.731099
	 4.34 	 1.26 	 36.60 	 2.513509
	 4.37 	 1.19 	 36.63 	 2.304720
	 4.41 	 1.13 	 36.66 	 2.104863
	 4.44 	 1.06 	 36.69 	 1.914001
	 4.47 	 1.00 	 36.72 	 1.732137
	 4.50 	 0.93 	 36.75 	 1.559218
	 4.52 	 0.86 	 36.78 	 1.395143
	 4.55 	 0.79 	 36.81 	 1.239765
	 4.57 	 0.73 	 36.84 	 1.092903
	 4.59 	 0.66 	 36.87 	 0.954338
	 4.61 	 0.59 	 36.90 	 0.823823
	 4.62 	 0.52 	 36.93 	 0.701083
	 4.63 	 0.45 	 36.96 	 0.585822
	 4.65 	 0.38 	 36.99 	 0.477723
	 4.66 	 0.31 	 37.02 	 0.376450
	 4.66 	 0.24 	 37.05 	 0.281651
	 4.67 	 0.17 	 37.08 	 0.192960
	 4.67 	 0.10 	 37.11 	 0.110000
	 4.67 	 0.03 	 37.14 	 0.032381
	 4.67 	 -0.04 	 37.17 	 -0.040299
	 4.67 	 -0.11 	 37.20 	 -0.108447
	 4.66 	 -0.18 	 37.23 	 -0.172481
	 4.65 	 -0.25 	 37.26 	 -0.232824
	 4.64 	 -0.32 	 37.29 	 -0.289905
	 4.63 	 -0.39 	 37.32 	 -0.344155
	 4.62 	 -0.46 	 37.35 	 -0.396009
	 4.60 	 -0.53 	 37.38 	 -0.445899
	 4.59 	 -0.60 	 37.41 	 -0.494256
	 4.57 	 -0.67 	 37.44 	 -0.541502
	 4.54 	 -0.73 	 37.47 	 -0.588053
	 4.52 	 -0.80 	 37.50 	 -0.634309
	 4.49 	 -0.87 	 37.53 	 -0.680652
	 4.47 	 -0.94 	 37.56 	 -0.727443
	 4.43 	 -1.00 	 37.59 	 -0.775013
	 4.40 	 -1.07 	 37.62 	 -0.823660
	 4.37 	 -1.14 	 37.65 	 -0.873641
	 4.33 	 -1.20 	 37.68 	 -0.925167
	 4.29 	 -1.27 	 37.71 	 -0.978395
	 4.25 	 -1.33 	 37.74 	 -1.033421
	 4.21 	 -1.40 	 37.77 	 -1.090271
	 4.17 	 -1.46 	 37.80 	 -1.148900
	 4.12 	 -1.52 	 37.83 	 -1.209179
	 4.08 	 -1.58 	 37.86 	 -1.270889
	 4.03 	 -1.64 	 37.89 	 -1.333720
	 3.98 	 -1.70 	 37.92 	 -1.397261
	 3.92 	 -1.76 	 37.95 	 -1.460998
	 3.87 	 -1.82 	 37.98 	 -1.524311
	 3.81 	 -1.88 	 38.01 	 -1.586474
	 3.75 	 -1.94 	 38.04 	 -1.646652
	 3.69 	 -1.99 	 38.07 	 -1.703907
	 3.63 	 -2.05 	 38.10 	 -1.757201
	 3.57 	 -2.10 	 38.13 	 -1.805402
	 3.50 	 -2.16 	 38.16 	 -1.847294
	 3.44 	 -2.21 	 38.19 	 -1.881588
	 3.37 	 -2.26 	 38.22 	 -1.906939
	 3.30 	 -2.31 	 38.25 	 -1.921956
	 3.23 	 -2.36 	 38.28 	 -1.925231
	 3.16 	 -2.41 	 38.31 	 -1.915353
	 3.08 	 -2.46 	 38.34 	 -1.890935
	 3.01 	 -2.50 	 38.37 	 -1.850639
	 2.93 	 -2.55 	 38.40 	 -1.793206
	 2.85 	 -2.59 	 38.43 	 -1.717481
	 2.78 	 -2.64 	 38.46 	 -1.622445
	 2.69 	 -2.68 	 38.49 	 -1.507243
	 2.61 	 -2.72 	 38.52 	 -1.371214
	 2.53 	 -2.76 	 38.55 	 -1.213916
	 2.45 	 -2.80 	 38.58 	 -1.035157
	 2.36 	 -2.83 	 38.61 	 -0.835012
	 2.28 	 -2.87 	 38.64 	 -0.613847
	 2.19 	 -2.90 	 38.67 	 -0.372336
	 2.10 	 -2.93 	 38.70 	 -0.111466
	 2.01 	 -2.97 	 38.73 	 0.167450
	 1.92 	 -3.00 	 38.76 	 0.462775
	 1.83 	 -3.03 	 38.79 	 0.772555
	 1.74 	 -3.05 	 38.82 	 1.094531
	 1.65 	 -3.08 	 38.85 	 1.426154
	 1.55 	 -3.10 	 38.88 	 1.764613
	 1.46 	 -3.13 	 38.91 	 2.106868
	 1.37 	 -3.15 	 38.94 	 2.449683
	 1.27 	 -3.17 	 38.97 	 2.789669
	 1.17 	 -3.19 	 39.00 	 3.123335
	 1.08 	 -3.21 	 39.03 	 3.447135
	 0.98 	 -3.22 	 39.06 	 3.757525
	 0.88 	 -3.24 	 39.09 	 4.051017
	 0.79 	 -3.25 	 39.12 	 4.324237
	 0.69 	 -3.26 	 39.15 	 4.573982
	 0.59 	 -3.27 	 39.18 	 4.797273
	 0.49 	 -3.28 	 39.21 	 4.991407
	 0.39 	 -3.29 	 39.24 	 5.154005
	 0.30 	 -3.29 	 39.27 	 5.283057
	 0.20 	 -3.30 	 39.30 	 5.376954
	 0.10 	 -3.30 	 39.33 	 5.434521
	 -0.00 	 -3.30 	 39.36 	 5.455034
	 -0.10 	 -3.30 	 39.39 	 5.438240
	 -0.20 	 -3.30 	 39.42 	 5.384357
	 -0.30 	 -3.30 	 39.45 	 5.294068
	 -0.40 	 -3.29 	 39.48 	 5.168514
	 -0.50 	 -3.29 	 39.51 	 5.009270
	 -0.59 	 -3.28 	 39.54 	 4.818317
	 -0.69 	 -3.27 	 39.57 	 4.598003
	 -0.79 	 -3.26 	 39.60 	 4.351007
	 -0.89 	 -3.25 	 39.63 	 4.080287
	 -0.99 	 -3.24 	 39.66 	 3.789029
	 -1.08 	 -3.22 	 39.69 	 3.480594
	 -1.18 	 -3.21 	 39.72 	 3.158462
	 -1.27 	 -3.19 	 39.75 	 2.826171
	 -1.37 	 -3.17 	 39.78 	 2.487268
	 -1.46 	 -3.15 	 39.81 	 2.145249
	 -1.56 	 -3.13 	 39.84 	 1.803509
	 -1.65 	 -3.10 	 39.87 	 1.465295
	 -1.74 	 -3.08 	 39.90 	 1.133664
	 -1.83 	 -3.05 	 39.93 	 0.811442
	 -1.92 	 -3.02 	 39.96 	 0.501198
	 -2.01 	 -3.00 	 39.99 	 0.205213
	 -2.10 	 -2.97 	 40.02 	 -0.074537
	 -2.19 	 -2.93 	 40.05 	 -0.336392
	 -2.28 	 -2.90 	 40.08 	 -0.579015
	 -2.36 	 -2.87 	 40.11 	 -0.801395
	 -2.45 	 -2.83 	 40.14 	 -1.002837
	 -2.53 	 -2.79 	 40.17 	 -1.182953
	 -2.62 	 -2.76 	 40.20 	 -1.341645
	 -2.70 	 -2.72 	 40.23 	 -1.479090
	 -2.78 	 -2.68 	 40.26 	 -1.595711
	 -2.86 	 -2.63 	 40.29 	 -1.692156
	 -2.93 	 -2.59 	 40.32 	 -1.769268
	 -3.01 	 -2.55 	 40.35 	 -1.828055
	 -3.09 	 -2.50 	 40.38 	 -1.869667
	 -3.16 	 -2.46 	 40.41 	 -1.895357
	 -3.23 	 -2.41 	 40.44 	 -1.906462
	 -3.30 	 -2.36 	 40.47 	 -1.904368
	 -3.37 	 -2.31 	 40.50 	 -1.890488
	 -3.44 	 -2.26 	 40.53 	 -1.866238
	 -3.51 	 -2.21 	 40.56 	 -1.833011
	 -3.57 	 -2.16 	 40.59 	 -1.792162
	 -3.63 	 -2.10 	 40.62 	 -1.744990
	 -3.70 	 -2.05 	 40.65 	 -1.692720
	 -3.76 	 -1.99 	 40.68 	 -1.636496
	 -3.81 	 -1.94 	 40.71 	 -1.577369
	 -3.87 	 -1.88 	 40.74 	 -1.516288
	 -3.92 	 -1.82 	 40.77 	 -1.454102
	 -3.98 	 -1.76 	 40.80 	 -1.391550
	 -4.03 	 -1.70 	 40.83 	 -1.329263
	 -4.08 	 -1.64 	 40.86 	 -1.267769
	 -4.12 	 -1.58 	 40.89 	 -1.207489
	 -4.17 	 -1.52 	 40.92 	 -1.148746
	 -4.21 	 -1.46 	 40.95 	 -1.091768
	 -4.26 	 -1.39 	 40.98 	 -1.036693
	 -4.30 	 -1.33 	 41.01 	 -0.983576
	 -4.33 	 -1.27 	 41.04 	 -0.932397
	 -4.37 	 -1.20 	 41.07 	 -0.883067
	 -4.40 	 -1.13 	 41.10 	 -0.835433
	 -4.44 	 -1.07 	 41.13 	 -0.789291
	 -4.47 	 -1.00 	 41.16 	 -0.744384
	 -4.49 	 -0.94 	 41.19 	 -0.700418
	 -4.52 	 -0.87 	 41.22 	 -0.657062
	 -4.54 	 -0.80 	 41.25 	 -0.613956
	 -4.57 	 -0.73 	 41.28 	 -0.570717
	 -4.59 	 -0.66 	 41.31 	 -0.526941
	 -4.60 	 -0.59 	 41.34 	 -0.482212
	 -4.62 	 -0.53 	 41.37 	 -0.436102
	 -4.63 	 -0.46 	 41.40 	 -0.388178
	 -4.64 	 -0.39 	 41.43 	 -0.338001
	 -4.65 	 -0.32 	 41.46 	 -0.285132
	 -4.66 	 -0.25 	 41.49 	 -0.229133
	 -4.67 	 -0.18 	 41.52 	 -0.169569
	 -4.67 	 -0.11 	 41.55 	 -0.106008
	 -4.67 	 -0.04 	 41.58 	 -0.038025
	 -4.67 	 0.03 	 41.61 	 0.034795
	 -4.67 	 0.10 	 41.64 	 0.112863
	 -4.66 	 0.17 	 41.67 	 0.196578
	 -4.65 	 0.24 	 41.70 	 0.286327
	 -4.65 	 0.31 	 41.73 	 0.382486
	 -4.63 	 0.38 	 41.76 	 0.485418
	 -4.62 	 0.45 	 41.79 	 0.595468
	 -4.60 	 0.52 	 41.82 	 0.712966
	 -4.59 	 0.59 	 41.85 	 0.838220
	 -4.57 	 0.66 	 41.88 	 0.971518
	 -4.55 	 0.73 	 41.91 	 1.113118
	 -4.52 	 0.80 	 41.94 	 1.263253
	 -4.50 	 0.86 	 41.97 	 1.422120
	 -4.47 	 0.93 	 42.00 	 1.589878
	 -4.44 	 1.00 	 42.03 	 1.766646
	 -4.41 	 1.06 	 42.06 	 1.952490
	 -4.37 	 1.13 	 42.09 	 2.147425
	 -4.34 	 1.20 	 42.12 	 2.351406
	 -4.30 	 1.26 	 42.15 	 2.564319
	 -4.26 	 1.33 	 42.18 	 2.785979
	 -4.22 	 1.39 	 42.21 	 3.016121
	 -4.17 	 1.45 	 42.24 	 3.254392
	 -4.13 	 1.52 	 42.27 	 3.500347
	 -4.08 	 1.58 	 42.30 	 3.753444
	 -4.03 	 1.64 	 42.33 	 4.013035
	 -3.98 	 1.70 	 42.36 	 4.278365
	 -3.93 	 1.76 	 42.39 	 4.548566
	 -3.87 	 1.82 	 42.42 	 4.822656
	 -3.82 	 1.88 	 42.45 	 5.099541
	 -3.76 	 1.93 	 42.48 	 5.378010
	 -3.70 	 1.99 	 42.51 	 5.656740
	 -3.64 	 2.04 	 42.54 	 5.934306
	 -3.57 	 2.10 	 42.57 	 6.209181
	 -3.51 	 2.15 	 42.60 	 6.479749
	 -3.44 	 2.21 	 42.63 	 6.744317
	 -3.38 	 2.26 	 42.66 	 7.001131
	 -3.31 	 2.31 	 42.69 	 7.248390
	 -3.24 	 2.36 	 42.72 	 7.484269
	 -3.16 	 2.41 	 42.75 	 7.706940
	 -3.09 	 2.45 	 42.78 	 7.914597
	 -3.02 	 2.50 	 42.81 	 8.105481
	 -2.94 	 2.55 	 42.84 	 8.277911
	 -2.86 	 2.59 	 42.87 	 8.430311
	 -2.78 	 2.63 	 42.90 	 8.561240
	 -2.70 	 2.67 	 42.93 	 8.669422
	 -2.62 	 2.71 	 42.96 	 8.753780
	 -2.54 	 2.75 	 42.99 	 8.813457
	 -2.45 	 2.79 	 43.02 	 8.847848
	 -2.37 	 2.83 	 43.05 	 8.856624
	 -2.28 	 2.86 	 43.08 	 8.839751
	 -2.20 	 2.90 	 43.11 	 8.797507
	 -2.11 	 2.93 	 43.14 	 8.730496
	 -2.02 	 2.96 	 43.17 	 8.639656
	 -1.93 	 2.99 	 43.20 	 8.526255
	 -1.84 	 3.02 	 43.23 	 8.391895
	 -1.75 	 3.05 	 43.26 	 8.238495
	 -1.66 	 3.08 	 43.29 	 8.068274
	 -1.56 	 3.10 	 43.32 	 7.883731
	 -1.47 	 3.12 	 43.35 	 7.687611
	 -1.37 	 3.15 	 43.38 	 7.482871
	 -1.28 	 3.17 	 43.41 	 7.272638
	 -1.18 	 3.19 	 43.44 	 7.060162
	 -1.09 	 3.20 	 43.47 	 6.848767
	 -0.99 	 3.22 	 43.50 	 6.641794
	 -0.89 	 3.24 	 43.53 	 6.442550
	 -0.80 	 3.25 	 43.56 	 6.254251
	 -0.70 	 3.26 	 43.59 	 6.079960
	 -0.60 	 3.27 	 43.62 	 5.922541
	 -0.50 	 3.28 	 43.65 	 5.784600
	 -0.40 	 3.29 	 43.68 	 5.668443
	 -0.30 	 3.29 	 43.71 	 5.576026
	 -0.21 	 3.30 	 43.74 	 5.508926
	 -0.11 	 3.30 	 43.77 	 5.468305
	 -0.01 	 3.30 	 43.80 	 5.454892
	 0.09 	 3.30 	 43.83 	 5.468967
	 0.19 	 3.30 	 43.86 	 5.510355
	 0.29 	 3.30 	 43.89 	 5.578430
	 0.39 	 3.29 	 43.92 	 5.672128
	 0.49 	 3.29 	 43.95 	 5.789965
	 0.59 	 3.28 	 43.98 	 5.930066
	 0.68 	 3.27 	 44.01 	 6.090201
	 0.78 	 3.26 	 44.04 	 6.267823
	 0.88 	 3.25 	 44.07 	 6.460121
	 0.98 	 3.24 	 44.10 	 6.664063
	 1.07 	 3.22 	 44.13 	 6.876457
	 1.17 	 3.21 	 44.16 	 7.094002
	 1.26 	 3.19 	 44.19 	 7.313348
	 1.36 	 3.17 	 44.22 	 7.531150
	 1.45 	 3.15 	 44.25 	 7.744121
	 1.55 	 3.13 	 44.28 	 7.949087
	 1.64 	 3.10 	 44.31 	 8.143032
	 1.73 	 3.08 	 44.34 	 8.323139
	 1.83 	 3.05 	 44.37 	 8.486834
	 1.92 	 3.03 	 44.40 	 8.631810
	 2.01 	 3.00 	 44.43 	 8.756057
	 2.10 	 2.97 	 44.46 	 8.857883
	 2.18 	 2.94 	 44.49 	 8.935919
	 2.27 	 2.90 	 44.52 	 8.989135
	 2.36 	 2.87 	 44.55 	 9.016831
	 2.44 	 2.83 	 44.58 	 9.018638
	 2.53 	 2.80 	 44.61 	 8.994502
	 2.61 	 2.76 	 44.64 	 8.944671
	 2.69 	 2.72 	 44.67 	 8.869675
	 2.77 	 2.68 	 44.70 	 8.770303
	 2.85 	 2.64 	 44.73 	 8.647573
	 2.93 	 2.60 	 44.76 	 8.502709
	 3.00 	 2.55 	 44.79 	 8.337110
	 3.08 	 2.51 	 44.82 	 8.152318
	 3.15 	 2.46 	 44.85 	 7.949989
	 3.23 	 2.41 	 44.88 	 7.731867
	 3.30 	 2.37 	 44.91 	 7.499748
	 3.37 	 2.32 	 44.94 	 7.255462
	 3.43 	 2.27 	 44.97 	 7.000839
	 3.50 	 2.21 	 45.00 	 6.737693
	 3.56 	 2.16 	 45.03 	 6.467800
	 3.63 	 2.11 	 45.06 	 6.192875
	 3.69 	 2.05 	 45.09 	 5.914564
	 3.75 	 2.00 	 45.12 	 5.634426
	 3.81 	 1.94 	 45.15 	 5.353923
	 3.86 	 1.88 	 45.18 	 5.074416
	 3.92 	 1.83 	 45.21 	 4.797153
	 3.97 	 1.77 	 45.24 	 4.523272
	 4.02 	 1.71 	 45.27 	 4.253796
	 4.07 	 1.65 	 45.30 	 3.989633
	 4.12 	 1.59 	 45.33 	 3.731580
	 4.17 	 1.53 	 45.36 	 3.480324
	 4.21 	 1.46 	 45.39 	 3.236448
	 4.25 	 1.40 	 45.42 	 3.000434
	 4.29 	 1.34 	 45.45 	 2.772670
	 4.33 	 1.27 	 45.48 	 2.553457
	 4.37 	 1.21 	 45.51 	 2.343013
	 4.40 	 1.14 	 45.54 	 2.141483
	 4.43 	 1.07 	 45.57 	 1.948941
	 4.46 	 1.01 	 45.60 	 1.765400
	 4.49 	 0.94 	 45.63 	 1.590817
	 4.52 	 0.87 	 45.66 	 1.425101
	 4.54 	 0.81 	 45.69 	 1.268113
	 4.56 	 0.74 	 45.72 	 1.119677
	 4.58 	 0.67 	 45.75 	 0.979581
	 4.60 	 0.60 	 45.78 	 0.847583
	 4.62 	 0.53 	 45.81 	 0.723414
	 4.63 	 0.46 	 45.84 	 0.606781
	 4.64 	 0.39 	 45.87 	 0.497370
	 4.65 	 0.32 	 45.90 	 0.394849
	 4.66 	 0.25 	 45.93 	 0.298869
	 4.67 	 0.18 	 45.96 	 0.209067
	 4.67 	 0.11 	 45.99 	 0.125067
	 4.67 	 0.04 	 46.02 	 0.046481
	 4.67 	 -0.03 	 46.05 	 -0.027090
	 4.67 	 -0.10 	 46.08 	 -0.096053
	 4.66 	 -0.17 	 46.11 	 -0.160822
	 4.66 	 -0.24 	 46.14 	 -0.221822
	 4.65 	 -0.31 	 46.17 	 -0.279479
	 4.64 	 -0.38 	 46.20 	 -0.334225
	 4.62 	 -0.45 	 46.23 	 -0.386493
	 4.61 	 -0.51 	 46.26 	 -0.436717
	 4.59 	 -0.58 	 46.29 	 -0.485327
	 4.57 	 -0.65 	 46.32 	 -0.532749
	 4.55 	 -0.72 	 46.35 	 -0.579399
	 4.52 	 -0.79 	 46.38 	 -0.625680
	 4.50 	 -0.86 	 46.41 	 -0.671979
	 4.47 	 -0.92 	 46.44 	 -0.718660
	 4.44 	 -0.99 	 46.47 	 -0.766061
	 4.41 	 -1.06 	 46.50 	 -0.814486
	 4.38 	 -1.12 	 46.53 	 -0.864201
	 4.34 	 -1.19 	 46.56 	 -0.915425
	 4.30 	 -1.26 	 46.59 	 -0.968326
	 4.26 	 -1.32 	 46.62 	 -1.023012
	 4.22 	 -1.38 	 46.65 	 -1.079523
	 4.18 	 -1.45 	 46.68 	 -1.137828
	 4.13 	 -1.51 	 46.71 	 -1.197812
	 4.08 	 -1.57 	 46.74 	 -1.259276
	 4.04 	 -1.63 	 46.77 	 -1.321926
	 3.99 	 -1.69 	 46.80 	 -1.385370
	 3.93 	 -1.75 	 46.83 	 -1.449114
	 3.88 	 -1.81 	 46.86 	 -1.512559
	 3.82 	 -1.87 	 46.89 	 -1.574996
	 3.76 	 -1.93 	 46.92 	 -1.635613
	 3.70 	 -1.98 	 46.95 	 -1.693489
	 3.64 	 -2.04 	 46.98 	 -1.747606
	 3.58 	 -2.09 	 47.01 	 -1.796847
	 3.52 	 -2.15 	 47.04 	 -1.840012
	 3.45 	 -2.20 	 47.07 	 -1.875825
	 3.38 	 -2.25 	 47.10 	 -1.902949
	 3.31 	 -2.30 	 47.13 	 -1.920002
	 3.24 	 -2.35 	 47.16 	 -1.925576
	 3.17 	 -2.40 	 47.19 	 -1.918259
	 3.10 	 -2.45 	 47.22 	 -1.896658
	 3.02 	 -2.50 	 47.25 	 -1.859424
	 2.95 	 -2.54 	 47.28 	 -1.805281
	 2.87 	 -2.59 	 47.31 	 -1.733052
	 2.79 	 -2.63 	 47.34 	 -1.641690
	 2.71 	 -2.67 	 47.37 	 -1.530308
	 2.63 	 -2.71 	 47.40 	 -1.398207
	 2.55 	 -2.75 	 47.43 	 -1.244901
	 2.46 	 -2.79 	 47.46 	 -1.070150
	 2.38 	 -2.83 	 47.49 	 -0.873978
	 2.29 	 -2.86 	 47.52 	 -0.656695
	 2.20 	 -2.90 	 47.55 	 -0.418915
	 2.12 	 -2.93 	 47.58 	 -0.161569
	 2.03 	 -2.96 	 47.61 	 0.114093
	 1.94 	 -2.99 	 47.64 	 0.406495
	 1.85 	 -3.02 	 47.67 	 0.713740
	 1.76 	 -3.05 	 47.70 	 1.033624
	 1.66 	 -3.07 	 47.73 	 1.363652
	 1.57 	 -3.10 	 47.76 	 1.701060
	 1.48 	 -3.12 	 47.79 	 2.042847
	 1.38 	 -3.14 	 47.82 	 2.385810
	 1.29 	 -3.17 	 47.85 	 2.726587
	 1.19 	 -3.18 	 47.88 	 3.061701
	 1.10 	 -3.20 	 47.91 	 3.387612
	 1.00 	 -3.22 	 47.94 	 3.700772
	 0.90 	 -3.23 	 47.97 	 3.997678
	 0.81 	 -3.25 	 48.00 	 4.274931
	 0.71 	 -3.26 	 48.03 	 4.529291
	 0.61 	 -3.27 	 48.06 	 4.757734
	 0.51 	 -3.28 	 48.09 	 4.957500
	 0.41 	 -3.29 	 48.12 	 5.126149
	 0.31 	 -3.29 	 48.15 	 5.261596
	 0.22 	 -3.30 	 48.18 	 5.362158
	 0.12 	 -3.30 	 48.21 	 5.426573
	 0.02 	 -3.30 	 48.24 	 5.454036
	 -0.08 	 -3.30 	 48.27 	 5.444203
	 -0.18 	 -3.30 	 48.30 	 5.397204
	 -0.28 	 -3.30 	 48.33 	 5.313636
	 -0.38 	 -3.29 	 48.36 	 5.194558
	 -0.48 	 -3.29 	 48.39 	 5.041463
	 -0.58 	 -3.28 	 48.42 	 4.856260
	 -0.67 	 -3.27 	 48.45 	 4.641233
	 -0.77 	 -3.26 	 48.48 	 4.399000
	 -0.87 	 -3.25 	 48.51 	 4.132472
	 -0.97 	 -3.24 	 48.54 	 3.844797
	 -1.06 	 -3.22 	 48.57 	 3.539307
	 -1.16 	 -3.21 	 48.60 	 3.219463
	 -1.26 	 -3.19 	 48.63 	 2.888799
	 -1.35 	 -3.17 	 48.66 	 2.550862
	 -1.45 	 -3.15 	 48.69 	 2.209163
	 -1.54 	 -3.13 	 48.72 	 1.867119
	 -1.63 	 -3.11 	 48.75 	 1.528009
	 -1.73 	 -3.08 	 48.78 	 1.194927
	 -1.82 	 -3.06 	 48.81 	 0.870747
	 -1.91 	 -3.03 	 48.84 	 0.558085
	 -2.00 	 -3.00 	 48.87 	 0.259279
	 -2.09 	 -2.97 	 48.90 	 -0.023636
	 -2.17 	 -2.94 	 48.93 	 -0.288942
	 -2.26 	 -2.91 	 48.96 	 -0.535242
	 -2.35 	 -2.87 	 48.99 	 -0.761463
	 -2.43 	 -2.84 	 49.02 	 -0.966851
	 -2.52 	 -2.80 	 49.05 	 -1.150962
	 -2.60 	 -2.76 	 49.08 	 -1.313648
	 -2.68 	 -2.72 	 49.11 	 -1.455034
	 -2.76 	 -2.68 	 49.14 	 -1.575499
	 -2.84 	 -2.64 	 49.17 	 -1.675651
	 -2.92 	 -2.60 	 49.20 	 -1.756299
	 -3.00 	 -2.56 	 49.23 	 -1.818423
	 -3.07 	 -2.51 	 49.26 	 -1.863148
	 -3.15 	 -2.47 	 49.29 	 -1.891710
	 -3.22 	 -2.42 	 49.32 	 -1.905433
	 -3.29 	 -2.37 	 49.35 	 -1.905696
	 -3.36 	 -2.32 	 49.38 	 -1.893908
	 -3.43 	 -2.27 	 49.41 	 -1.871487
	 -3.49 	 -2.22 	 49.44 	 -1.839831
	 -3.56 	 -2.17 	 49.47 	 -1.800304
	 -3.62 	 -2.11 	 49.50 	 -1.754217
	 -3.68 	 -2.06 	 49.53 	 -1.702809
	 -3.74 	 -2.00 	 49.56 	 -1.647240
	 -3.80 	 -1.95 	 49.59 	 -1.588580
	 -3.86 	 -1.89 	 49.62 	 -1.527796
	 -3.91 	 -1.83 	 49.65 	 -1.465757
	 -3.97 	 -1.77 	 49.68 	 -1.403222
	 -4.02 	 -1.71 	 49.71 	 -1.340843
	 -4.07 	 -1.65 	 49.74 	 -1.279165
	 -4.12 	 -1.59 	 49.77 	 -1.218631
	 -4.16 	 -1.53 	 49.80 	 -1.159582
	 -4.21 	 -1.47 	 49.83 	 -1.102261
	 -4.25 	 -1.41 	 49.86 	 -1.046824
	 -4.29 	 -1.34 	 49.89 	 -0.993341
	 -4.33 	 -1.28 	 49.92 	 -0.941805
	 -4.36 	 -1.21 	 49.95 	 -0.892140
	 -4.40 	 -1.15 	 49.98 	 -0.844204
