	 2.00 	 3.00 	 0.00 	 8.742441
	 2.06 	 2.97 	 0.02 	 8.786576
	 2.12 	 2.95 	 0.04 	 8.819960
	 2.18 	 2.92 	 0.06 	 8.842339
	 2.23 	 2.89 	 0.08 	 8.853534
	 2.29 	 2.86 	 0.10 	 8.853434
	 2.35 	 2.84 	 0.12 	 8.841997
	 2.40 	 2.81 	 0.14 	 8.819249
	 2.46 	 2.78 	 0.16 	 8.785275
	 2.52 	 2.75 	 0.18 	 8.740223
	 2.57 	 2.72 	 0.20 	 8.684293
	 2.62 	 2.69 	 0.22 	 8.617740
	 2.68 	 2.65 	 0.24 	 8.540864
	 2.73 	 2.62 	 0.26 	 8.454010
	 2.78 	 2.59 	 0.28 	 8.357560
	 2.83 	 2.56 	 0.30 	 8.251931
	 2.88 	 2.52 	 0.32 	 8.137573
	 2.93 	 2.49 	 0.34 	 8.014958
	 2.98 	 2.45 	 0.36 	 7.884581
	 3.03 	 2.42 	 0.38 	 7.746955
	 3.08 	 2.38 	 0.40 	 7.602605
	 3.12 	 2.35 	 0.42 	 7.452065
	 3.17 	 2.31 	 0.44 	 7.295878
	 3.22 	 2.28 	 0.46 	 7.134584
	 3.26 	 2.24 	 0.48 	 6.968725
	 3.30 	 2.20 	 0.50 	 6.798840
	 3.35 	 2.17 	 0.52 	 6.625457
	 3.39 	 2.13 	 0.54 	 6.449097
	 3.43 	 2.09 	 0.56 	 6.270268
	 3.47 	 2.05 	 0.58 	 6.089466
	 3.51 	 2.01 	 0.60 	 5.907169
	 3.55 	 1.97 	 0.62 	 5.723836
	 3.59 	 1.93 	 0.64 	 5.539911
	 3.63 	 1.89 	 0.66 	 5.355816
	 3.67 	 1.85 	 0.68 	 5.171951
	 3.70 	 1.81 	 0.70 	 4.988696
	 3.74 	 1.77 	 0.72 	 4.806408
	 3.77 	 1.73 	 0.74 	 4.625422
	 3.81 	 1.69 	 0.76 	 4.446049
	 3.84 	 1.65 	 0.78 	 4.268580
	 3.87 	 1.61 	 0.80 	 4.093280
	 3.90 	 1.57 	 0.82 	 3.920395
	 3.93 	 1.52 	 0.84 	 3.750146
	 3.96 	 1.48 	 0.86 	 3.582735
	 3.99 	 1.44 	 0.88 	 3.418342
	 4.02 	 1.40 	 0.90 	 3.257127
	 4.05 	 1.35 	 0.92 	 3.099230
	 4.07 	 1.31 	 0.94 	 2.944773
	 4.10 	 1.27 	 0.96 	 2.793859
	 4.12 	 1.22 	 0.98 	 2.646574
	 4.15 	 1.18 	 1.00 	 2.502989
	 4.17 	 1.13 	 1.02 	 2.363158
	 4.19 	 1.09 	 1.04 	 2.227120
	 4.21 	 1.05 	 1.06 	 2.094902
	 4.23 	 1.00 	 1.08 	 1.966517
	 4.25 	 0.96 	 1.10 	 1.841965
	 4.27 	 0.91 	 1.12 	 1.721237
	 4.29 	 0.87 	 1.14 	 1.604310
	 4.30 	 0.82 	 1.16 	 1.491156
	 4.32 	 0.78 	 1.18 	 1.381733
	 4.33 	 0.74 	 1.20 	 1.275994
	 4.35 	 0.69 	 1.22 	 1.173882
	 4.36 	 0.65 	 1.24 	 1.075335
	 4.37 	 0.60 	 1.26 	 0.980284
	 4.38 	 0.56 	 1.28 	 0.888652
	 4.39 	 0.51 	 1.30 	 0.800360
	 4.40 	 0.47 	 1.32 	 0.715322
	 4.41 	 0.42 	 1.34 	 0.633447
	 4.42 	 0.38 	 1.36 	 0.554641
	 4.43 	 0.33 	 1.38 	 0.478808
	 4.43 	 0.29 	 1.40 	 0.405845
	 4.44 	 0.24 	 1.42 	 0.335649
	 4.44 	 0.20 	 1.44 	 0.268114
	 4.44 	 0.15 	 1.46 	 0.203132
	 4.45 	 0.11 	 1.48 	 0.140590
	 4.45 	 0.06 	 1.50 	 0.080378
	 4.45 	 0.02 	 1.52 	 0.022383
	 4.45 	 -0.03 	 1.54 	 -0.033512
	 4.45 	 -0.07 	 1.56 	 -0.087421
	 4.44 	 -0.12 	 1.58 	 -0.139459
	 4.44 	 -0.16 	 1.60 	 -0.189745
	 4.44 	 -0.20 	 1.62 	 -0.238392
	 4.43 	 -0.25 	 1.64 	 -0.285519
	 4.42 	 -0.29 	 1.66 	 -0.331240
	 4.42 	 -0.34 	 1.68 	 -0.375671
	 4.41 	 -0.38 	 1.70 	 -0.418924
	 4.40 	 -0.42 	 1.72 	 -0.461112
	 4.39 	 -0.47 	 1.74 	 -0.502346
	 4.38 	 -0.51 	 1.76 	 -0.542734
	 4.37 	 -0.55 	 1.78 	 -0.582381
	 4.36 	 -0.59 	 1.80 	 -0.621392
	 4.35 	 -0.64 	 1.82 	 -0.659864
	 4.33 	 -0.68 	 1.84 	 -0.697895
	 4.32 	 -0.72 	 1.86 	 -0.735577
	 4.30 	 -0.76 	 1.88 	 -0.772995
	 4.29 	 -0.80 	 1.90 	 -0.810234
	 4.27 	 -0.84 	 1.92 	 -0.847368
	 4.25 	 -0.89 	 1.94 	 -0.884469
	 4.23 	 -0.93 	 1.96 	 -0.921601
	 4.22 	 -0.97 	 1.98 	 -0.958820
	 4.20 	 -1.01 	 2.00 	 -0.996174
	 4.17 	 -1.05 	 2.02 	 -1.033705
	 4.15 	 -1.09 	 2.04 	 -1.071445
	 4.13 	 -1.13 	 2.06 	 -1.109415
	 4.11 	 -1.17 	 2.08 	 -1.147630
	 4.08 	 -1.20 	 2.10 	 -1.186090
	 4.06 	 -1.24 	 2.12 	 -1.224787
	 4.03 	 -1.28 	 2.14 	 -1.263702
	 4.01 	 -1.32 	 2.16 	 -1.302802
	 3.98 	 -1.36 	 2.18 	 -1.342043
	 3.95 	 -1.39 	 2.20 	 -1.381369
	 3.92 	 -1.43 	 2.22 	 -1.420710
	 3.89 	 -1.47 	 2.24 	 -1.459982
	 3.86 	 -1.50 	 2.26 	 -1.499091
	 3.83 	 -1.54 	 2.28 	 -1.537925
	 3.80 	 -1.57 	 2.30 	 -1.576362
	 3.77 	 -1.61 	 2.32 	 -1.614264
	 3.74 	 -1.64 	 2.34 	 -1.651482
	 3.70 	 -1.68 	 2.36 	 -1.687851
	 3.67 	 -1.71 	 2.38 	 -1.723195
	 3.63 	 -1.74 	 2.40 	 -1.757325
	 3.60 	 -1.78 	 2.42 	 -1.790038
	 3.56 	 -1.81 	 2.44 	 -1.821123
	 3.52 	 -1.84 	 2.46 	 -1.850357
	 3.49 	 -1.87 	 2.48 	 -1.877506
	 3.45 	 -1.90 	 2.50 	 -1.902327
	 3.41 	 -1.93 	 2.52 	 -1.924572
	 3.37 	 -1.96 	 2.54 	 -1.943985
	 3.33 	 -1.99 	 2.56 	 -1.960303
	 3.29 	 -2.02 	 2.58 	 -1.973261
	 3.25 	 -2.05 	 2.60 	 -1.982594
	 3.21 	 -2.08 	 2.62 	 -1.988031
	 3.17 	 -2.11 	 2.64 	 -1.989308
	 3.12 	 -2.14 	 2.66 	 -1.986161
	 3.08 	 -2.16 	 2.68 	 -1.978331
	 3.04 	 -2.19 	 2.70 	 -1.965567
	 2.99 	 -2.22 	 2.72 	 -1.947626
	 2.95 	 -2.24 	 2.74 	 -1.924278
	 2.90 	 -2.27 	 2.76 	 -1.895303
	 2.86 	 -2.29 	 2.78 	 -1.860501
	 2.81 	 -2.31 	 2.80 	 -1.819685
	 2.76 	 -2.34 	 2.82 	 -1.772691
	 2.72 	 -2.36 	 2.84 	 -1.719374
	 2.67 	 -2.38 	 2.86 	 -1.659614
	 2.62 	 -2.40 	 2.88 	 -1.593317
	 2.57 	 -2.43 	 2.90 	 -1.520415
	 2.52 	 -2.45 	 2.92 	 -1.440871
	 2.47 	 -2.47 	 2.94 	 -1.354677
	 2.42 	 -2.49 	 2.96 	 -1.261858
	 2.37 	 -2.51 	 2.98 	 -1.162472
	 2.32 	 -2.53 	 3.00 	 -1.056611
	 2.27 	 -2.54 	 3.02 	 -0.944403
	 2.22 	 -2.56 	 3.04 	 -0.826012
	 2.17 	 -2.58 	 3.06 	 -0.701638
	 2.12 	 -2.59 	 3.08 	 -0.571517
	 2.06 	 -2.61 	 3.10 	 -0.435922
	 2.01 	 -2.63 	 3.12 	 -0.295161
	 1.96 	 -2.64 	 3.14 	 -0.149579
	 1.91 	 -2.66 	 3.16 	 0.000446
	 1.85 	 -2.67 	 3.18 	 0.154503
	 1.80 	 -2.68 	 3.20 	 0.312148
	 1.75 	 -2.69 	 3.22 	 0.472907
	 1.69 	 -2.71 	 3.24 	 0.636278
	 1.64 	 -2.72 	 3.26 	 0.801734
	 1.58 	 -2.73 	 3.28 	 0.968724
	 1.53 	 -2.74 	 3.30 	 1.136675
	 1.47 	 -2.75 	 3.32 	 1.304999
	 1.42 	 -2.76 	 3.34 	 1.473089
	 1.36 	 -2.77 	 3.36 	 1.640331
	 1.31 	 -2.78 	 3.38 	 1.806099
	 1.25 	 -2.78 	 3.40 	 1.969766
	 1.20 	 -2.79 	 3.42 	 2.130699
	 1.14 	 -2.80 	 3.44 	 2.288272
	 1.08 	 -2.80 	 3.46 	 2.441864
	 1.03 	 -2.81 	 3.48 	 2.590862
	 0.97 	 -2.81 	 3.50 	 2.734669
	 0.91 	 -2.82 	 3.52 	 2.872704
	 0.86 	 -2.82 	 3.54 	 3.004408
	 0.80 	 -2.82 	 3.56 	 3.129243
	 0.75 	 -2.82 	 3.58 	 3.246702
	 0.69 	 -2.83 	 3.60 	 3.356307
	 0.63 	 -2.83 	 3.62 	 3.457612
	 0.58 	 -2.83 	 3.64 	 3.550210
	 0.52 	 -2.83 	 3.66 	 3.633730
	 0.46 	 -2.83 	 3.68 	 3.707842
	 0.41 	 -2.83 	 3.70 	 3.772261
	 0.35 	 -2.83 	 3.72 	 3.826743
	 0.29 	 -2.82 	 3.74 	 3.871091
	 0.24 	 -2.82 	 3.76 	 3.905154
	 0.18 	 -2.82 	 3.78 	 3.928829
	 0.12 	 -2.81 	 3.80 	 3.942060
	 0.07 	 -2.81 	 3.82 	 3.944839
	 0.01 	 -2.80 	 3.84 	 3.937203
	 -0.04 	 -2.80 	 3.86 	 3.919239
	 -0.10 	 -2.79 	 3.88 	 3.891078
	 -0.16 	 -2.79 	 3.90 	 3.852894
	 -0.21 	 -2.78 	 3.92 	 3.804907
	 -0.27 	 -2.77 	 3.94 	 3.747375
	 -0.32 	 -2.76 	 3.96 	 3.680599
	 -0.38 	 -2.75 	 3.98 	 3.604912
	 -0.43 	 -2.75 	 4.00 	 3.520687
	 -0.49 	 -2.74 	 4.02 	 3.428323
	 -0.54 	 -2.72 	 4.04 	 3.328254
	 -0.60 	 -2.71 	 4.06 	 3.220935
	 -0.65 	 -2.70 	 4.08 	 3.106847
	 -0.70 	 -2.69 	 4.10 	 2.986490
	 -0.76 	 -2.68 	 4.12 	 2.860381
	 -0.81 	 -2.67 	 4.14 	 2.729051
	 -0.86 	 -2.65 	 4.16 	 2.593041
	 -0.92 	 -2.64 	 4.18 	 2.452898
	 -0.97 	 -2.62 	 4.20 	 2.309175
	 -1.02 	 -2.61 	 4.22 	 2.162425
	 -1.07 	 -2.59 	 4.24 	 2.013200
	 -1.12 	 -2.58 	 4.26 	 1.862044
	 -1.18 	 -2.56 	 4.28 	 1.709498
	 -1.23 	 -2.54 	 4.30 	 1.556089
	 -1.28 	 -2.53 	 4.32 	 1.402333
	 -1.33 	 -2.51 	 4.34 	 1.248730
	 -1.38 	 -2.49 	 4.36 	 1.095765
	 -1.43 	 -2.47 	 4.38 	 0.943901
	 -1.48 	 -2.45 	 4.40 	 0.793583
	 -1.52 	 -2.43 	 4.42 	 0.645233
	 -1.57 	 -2.41 	 4.44 	 0.499249
	 -1.62 	 -2.39 	 4.46 	 0.356004
	 -1.67 	 -2.37 	 4.48 	 0.215847
	 -1.71 	 -2.35 	 4.50 	 0.079100
	 -1.76 	 -2.33 	 4.52 	 -0.053941
	 -1.81 	 -2.31 	 4.54 	 -0.183008
	 -1.85 	 -2.28 	 4.56 	 -0.307859
	 -1.90 	 -2.26 	 4.58 	 -0.428280
	 -1.94 	 -2.24 	 4.60 	 -0.544083
	 -1.99 	 -2.21 	 4.62 	 -0.655106
	 -2.03 	 -2.19 	 4.64 	 -0.761214
	 -2.07 	 -2.16 	 4.66 	 -0.862296
	 -2.12 	 -2.14 	 4.68 	 -0.958266
	 -2.16 	 -2.11 	 4.70 	 -1.049061
	 -2.20 	 -2.09 	 4.72 	 -1.134641
	 -2.24 	 -2.06 	 4.74 	 -1.214986
	 -2.28 	 -2.03 	 4.76 	 -1.290098
	 -2.32 	 -2.01 	 4.78 	 -1.359997
	 -2.36 	 -1.98 	 4.80 	 -1.424721
	 -2.40 	 -1.95 	 4.82 	 -1.484323
	 -2.44 	 -1.92 	 4.84 	 -1.538873
	 -2.48 	 -1.90 	 4.86 	 -1.588454
	 -2.52 	 -1.87 	 4.88 	 -1.633161
	 -2.55 	 -1.84 	 4.90 	 -1.673101
	 -2.59 	 -1.81 	 4.92 	 -1.708389
	 -2.62 	 -1.78 	 4.94 	 -1.739150
	 -2.66 	 -1.75 	 4.96 	 -1.765516
	 -2.69 	 -1.72 	 4.98 	 -1.787625
	 -2.73 	 -1.69 	 5.00 	 -1.805618
	 -2.76 	 -1.66 	 5.02 	 -1.819642
	 -2.79 	 -1.63 	 5.04 	 -1.829845
	 -2.82 	 -1.60 	 5.06 	 -1.836377
	 -2.86 	 -1.57 	 5.08 	 -1.839390
	 -2.89 	 -1.53 	 5.10 	 -1.839032
	 -2.92 	 -1.50 	 5.12 	 -1.835455
	 -2.95 	 -1.47 	 5.14 	 -1.828804
	 -2.98 	 -1.44 	 5.16 	 -1.819224
	 -3.00 	 -1.41 	 5.18 	 -1.806858
	 -3.03 	 -1.37 	 5.20 	 -1.791841
	 -3.06 	 -1.34 	 5.22 	 -1.774309
	 -3.08 	 -1.31 	 5.24 	 -1.754389
	 -3.11 	 -1.27 	 5.26 	 -1.732204
	 -3.13 	 -1.24 	 5.28 	 -1.707872
	 -3.16 	 -1.21 	 5.30 	 -1.681507
	 -3.18 	 -1.17 	 5.32 	 -1.653213
	 -3.20 	 -1.14 	 5.34 	 -1.623092
	 -3.23 	 -1.10 	 5.36 	 -1.591236
	 -3.25 	 -1.07 	 5.38 	 -1.557734
	 -3.27 	 -1.03 	 5.40 	 -1.522668
	 -3.29 	 -1.00 	 5.42 	 -1.486112
	 -3.31 	 -0.96 	 5.44 	 -1.448135
	 -3.33 	 -0.93 	 5.46 	 -1.408800
	 -3.34 	 -0.89 	 5.48 	 -1.368165
	 -3.36 	 -0.86 	 5.50 	 -1.326279
	 -3.38 	 -0.82 	 5.52 	 -1.283189
	 -3.39 	 -0.79 	 5.54 	 -1.238935
	 -3.41 	 -0.75 	 5.56 	 -1.193550
	 -3.42 	 -0.72 	 5.58 	 -1.147065
	 -3.44 	 -0.68 	 5.60 	 -1.099504
	 -3.45 	 -0.65 	 5.62 	 -1.050888
	 -3.46 	 -0.61 	 5.64 	 -1.001233
	 -3.47 	 -0.57 	 5.66 	 -0.950551
	 -3.48 	 -0.54 	 5.68 	 -0.898849
	 -3.49 	 -0.50 	 5.70 	 -0.846134
	 -3.50 	 -0.47 	 5.72 	 -0.792407
	 -3.51 	 -0.43 	 5.74 	 -0.737668
	 -3.52 	 -0.39 	 5.76 	 -0.681912
	 -3.53 	 -0.36 	 5.78 	 -0.625135
	 -3.53 	 -0.32 	 5.80 	 -0.567328
	 -3.54 	 -0.29 	 5.82 	 -0.508483
	 -3.54 	 -0.25 	 5.84 	 -0.448590
	 -3.55 	 -0.21 	 5.86 	 -0.387637
	 -3.55 	 -0.18 	 5.88 	 -0.325612
	 -3.55 	 -0.14 	 5.90 	 -0.262503
	 -3.56 	 -0.11 	 5.92 	 -0.198297
	 -3.56 	 -0.07 	 5.94 	 -0.132981
	 -3.56 	 -0.04 	 5.96 	 -0.066544
	 -3.56 	 0.00 	 5.98 	 0.001026
	 -3.56 	 0.04 	 6.00 	 0.069739
	 -3.56 	 0.07 	 6.02 	 0.139604
	 -3.55 	 0.11 	 6.04 	 0.210629
	 -3.55 	 0.14 	 6.06 	 0.282819
	 -3.55 	 0.18 	 6.08 	 0.356179
	 -3.54 	 0.21 	 6.10 	 0.430710
	 -3.54 	 0.25 	 6.12 	 0.506410
	 -3.53 	 0.28 	 6.14 	 0.583277
	 -3.53 	 0.32 	 6.16 	 0.661303
	 -3.52 	 0.35 	 6.18 	 0.740480
	 -3.51 	 0.39 	 6.20 	 0.820792
	 -3.50 	 0.42 	 6.22 	 0.902224
	 -3.49 	 0.46 	 6.24 	 0.984755
	 -3.48 	 0.49 	 6.26 	 1.068361
	 -3.47 	 0.52 	 6.28 	 1.153011
	 -3.46 	 0.56 	 6.30 	 1.238673
	 -3.45 	 0.59 	 6.32 	 1.325309
	 -3.44 	 0.62 	 6.34 	 1.412876
	 -3.43 	 0.66 	 6.36 	 1.501327
	 -3.41 	 0.69 	 6.38 	 1.590610
	 -3.40 	 0.72 	 6.40 	 1.680666
	 -3.38 	 0.75 	 6.42 	 1.771433
	 -3.37 	 0.79 	 6.44 	 1.862843
	 -3.35 	 0.82 	 6.46 	 1.954823
	 -3.33 	 0.85 	 6.48 	 2.047293
	 -3.32 	 0.88 	 6.50 	 2.140170
	 -3.30 	 0.91 	 6.52 	 2.233363
	 -3.28 	 0.95 	 6.54 	 2.326778
	 -3.26 	 0.98 	 6.56 	 2.420313
	 -3.24 	 1.01 	 6.58 	 2.513864
	 -3.22 	 1.04 	 6.60 	 2.607318
	 -3.20 	 1.07 	 6.62 	 2.700560
	 -3.17 	 1.10 	 6.64 	 2.793468
	 -3.15 	 1.13 	 6.66 	 2.885917
	 -3.13 	 1.16 	 6.68 	 2.977776
	 -3.11 	 1.18 	 6.70 	 3.068910
	 -3.08 	 1.21 	 6.72 	 3.159181
	 -3.06 	 1.24 	 6.74 	 3.248445
	 -3.03 	 1.27 	 6.76 	 3.336557
	 -3.00 	 1.30 	 6.78 	 3.423367
	 -2.98 	 1.33 	 6.80 	 3.508725
	 -2.95 	 1.35 	 6.82 	 3.592476
	 -2.92 	 1.38 	 6.84 	 3.674466
	 -2.90 	 1.41 	 6.86 	 3.754537
	 -2.87 	 1.43 	 6.88 	 3.832533
	 -2.84 	 1.46 	 6.90 	 3.908296
	 -2.81 	 1.48 	 6.92 	 3.981670
	 -2.78 	 1.51 	 6.94 	 4.052500
	 -2.75 	 1.53 	 6.96 	 4.120632
	 -2.72 	 1.56 	 6.98 	 4.185916
	 -2.68 	 1.58 	 7.00 	 4.248203
	 -2.65 	 1.61 	 7.02 	 4.307349
	 -2.62 	 1.63 	 7.04 	 4.363217
	 -2.59 	 1.65 	 7.06 	 4.415671
	 -2.55 	 1.67 	 7.08 	 4.464586
	 -2.52 	 1.70 	 7.10 	 4.509839
	 -2.49 	 1.72 	 7.12 	 4.551318
	 -2.45 	 1.74 	 7.14 	 4.588918
	 -2.42 	 1.76 	 7.16 	 4.622544
	 -2.38 	 1.78 	 7.18 	 4.652109
	 -2.34 	 1.80 	 7.20 	 4.677539
	 -2.31 	 1.82 	 7.22 	 4.698768
	 -2.27 	 1.84 	 7.24 	 4.715744
	 -2.23 	 1.86 	 7.26 	 4.728427
	 -2.20 	 1.88 	 7.28 	 4.736788
	 -2.16 	 1.90 	 7.30 	 4.740814
	 -2.12 	 1.91 	 7.32 	 4.740502
	 -2.08 	 1.93 	 7.34 	 4.735867
	 -2.04 	 1.95 	 7.36 	 4.726936
	 -2.00 	 1.97 	 7.38 	 4.713751
	 -1.96 	 1.98 	 7.40 	 4.696369
	 -1.92 	 2.00 	 7.42 	 4.674861
	 -1.88 	 2.01 	 7.44 	 4.649315
	 -1.84 	 2.03 	 7.46 	 4.619831
	 -1.80 	 2.04 	 7.48 	 4.586526
	 -1.76 	 2.06 	 7.50 	 4.549529
	 -1.72 	 2.07 	 7.52 	 4.508986
	 -1.68 	 2.08 	 7.54 	 4.465055
	 -1.64 	 2.09 	 7.56 	 4.417908
	 -1.59 	 2.11 	 7.58 	 4.367728
	 -1.55 	 2.12 	 7.60 	 4.314712
	 -1.51 	 2.13 	 7.62 	 4.259068
	 -1.47 	 2.14 	 7.64 	 4.201014
	 -1.42 	 2.15 	 7.66 	 4.140778
	 -1.38 	 2.16 	 7.68 	 4.078596
	 -1.34 	 2.17 	 7.70 	 4.014713
	 -1.29 	 2.18 	 7.72 	 3.949380
	 -1.25 	 2.19 	 7.74 	 3.882854
	 -1.20 	 2.20 	 7.76 	 3.815395
	 -1.16 	 2.20 	 7.78 	 3.747268
	 -1.12 	 2.21 	 7.80 	 3.678739
	 -1.07 	 2.22 	 7.82 	 3.610076
	 -1.03 	 2.22 	 7.84 	 3.541544
	 -0.98 	 2.23 	 7.86 	 3.473408
	 -0.94 	 2.23 	 7.88 	 3.405930
	 -0.89 	 2.24 	 7.90 	 3.339366
	 -0.85 	 2.24 	 7.92 	 3.273969
	 -0.80 	 2.25 	 7.94 	 3.209983
	 -0.76 	 2.25 	 7.96 	 3.147644
	 -0.71 	 2.25 	 7.98 	 3.087180
	 -0.67 	 2.26 	 8.00 	 3.028807
	 -0.62 	 2.26 	 8.02 	 2.972731
	 -0.58 	 2.26 	 8.04 	 2.919146
	 -0.53 	 2.26 	 8.06 	 2.868230
	 -0.49 	 2.26 	 8.08 	 2.820150
	 -0.44 	 2.26 	 8.10 	 2.775056
	 -0.40 	 2.26 	 8.12 	 2.733083
	 -0.35 	 2.26 	 8.14 	 2.694350
	 -0.31 	 2.26 	 8.16 	 2.658958
	 -0.26 	 2.26 	 8.18 	 2.626993
	 -0.22 	 2.26 	 8.20 	 2.598521
	 -0.17 	 2.26 	 8.22 	 2.573593
	 -0.13 	 2.25 	 8.24 	 2.552240
	 -0.08 	 2.25 	 8.26 	 2.534477
	 -0.04 	 2.25 	 8.28 	 2.520299
	 0.01 	 2.24 	 8.30 	 2.509687
	 0.05 	 2.24 	 8.32 	 2.502601
	 0.10 	 2.23 	 8.34 	 2.498987
	 0.14 	 2.23 	 8.36 	 2.498773
	 0.19 	 2.22 	 8.38 	 2.501873
	 0.23 	 2.22 	 8.40 	 2.508185
	 0.28 	 2.21 	 8.42 	 2.517590
	 0.32 	 2.20 	 8.44 	 2.529961
	 0.36 	 2.19 	 8.46 	 2.545153
	 0.41 	 2.19 	 8.48 	 2.563011
	 0.45 	 2.18 	 8.50 	 2.583371
	 0.49 	 2.17 	 8.52 	 2.606056
	 0.54 	 2.16 	 8.54 	 2.630882
	 0.58 	 2.15 	 8.56 	 2.657656
	 0.62 	 2.14 	 8.58 	 2.686181
	 0.67 	 2.13 	 8.60 	 2.716250
	 0.71 	 2.12 	 8.62 	 2.747655
	 0.75 	 2.11 	 8.64 	 2.780185
	 0.79 	 2.09 	 8.66 	 2.813622
	 0.83 	 2.08 	 8.68 	 2.847753
	 0.88 	 2.07 	 8.70 	 2.882360
	 0.92 	 2.06 	 8.72 	 2.917229
	 0.96 	 2.04 	 8.74 	 2.952146
	 1.00 	 2.03 	 8.76 	 2.986900
	 1.04 	 2.02 	 8.78 	 3.021285
	 1.08 	 2.00 	 8.80 	 3.055099
	 1.12 	 1.99 	 8.82 	 3.088144
	 1.16 	 1.97 	 8.84 	 3.120232
	 1.20 	 1.96 	 8.86 	 3.151178
	 1.24 	 1.94 	 8.88 	 3.180807
	 1.27 	 1.92 	 8.90 	 3.208950
	 1.31 	 1.91 	 8.92 	 3.235450
	 1.35 	 1.89 	 8.94 	 3.260157
	 1.39 	 1.87 	 8.96 	 3.282930
	 1.42 	 1.86 	 8.98 	 3.303640
	 1.46 	 1.84 	 9.00 	 3.322167
	 1.50 	 1.82 	 9.02 	 3.338402
	 1.53 	 1.80 	 9.04 	 3.352245
	 1.57 	 1.78 	 9.06 	 3.363609
	 1.60 	 1.76 	 9.08 	 3.372417
	 1.64 	 1.74 	 9.10 	 3.378601
	 1.67 	 1.72 	 9.12 	 3.382106
	 1.71 	 1.70 	 9.14 	 3.382886
	 1.74 	 1.68 	 9.16 	 3.380906
	 1.77 	 1.66 	 9.18 	 3.376140
	 1.81 	 1.64 	 9.20 	 3.368574
	 1.84 	 1.62 	 9.22 	 3.358202
	 1.87 	 1.60 	 9.24 	 3.345027
	 1.90 	 1.58 	 9.26 	 3.329061
	 1.93 	 1.55 	 9.28 	 3.310325
	 1.97 	 1.53 	 9.30 	 3.288849
	 2.00 	 1.51 	 9.32 	 3.264669
	 2.03 	 1.49 	 9.34 	 3.237828
	 2.05 	 1.46 	 9.36 	 3.208377
	 2.08 	 1.44 	 9.38 	 3.176372
	 2.11 	 1.42 	 9.40 	 3.141877
	 2.14 	 1.39 	 9.42 	 3.104960
	 2.17 	 1.37 	 9.44 	 3.065691
	 2.19 	 1.34 	 9.46 	 3.024150
	 2.22 	 1.32 	 9.48 	 2.980417
	 2.25 	 1.29 	 9.50 	 2.934576
	 2.27 	 1.27 	 9.52 	 2.886715
	 2.30 	 1.24 	 9.54 	 2.836924
	 2.32 	 1.22 	 9.56 	 2.785294
	 2.34 	 1.19 	 9.58 	 2.731920
	 2.37 	 1.17 	 9.60 	 2.676896
	 2.39 	 1.14 	 9.62 	 2.620318
	 2.41 	 1.11 	 9.64 	 2.562284
	 2.43 	 1.09 	 9.66 	 2.502888
	 2.46 	 1.06 	 9.68 	 2.442228
	 2.48 	 1.03 	 9.70 	 2.380400
	 2.50 	 1.01 	 9.72 	 2.317499
	 2.52 	 0.98 	 9.74 	 2.253619
	 2.53 	 0.95 	 9.76 	 2.188853
	 2.55 	 0.93 	 9.78 	 2.123292
	 2.57 	 0.90 	 9.80 	 2.057027
	 2.59 	 0.87 	 9.82 	 1.990144
	 2.61 	 0.84 	 9.84 	 1.922731
	 2.62 	 0.82 	 9.86 	 1.854869
	 2.64 	 0.79 	 9.88 	 1.786642
	 2.65 	 0.76 	 9.90 	 1.718126
	 2.67 	 0.73 	 9.92 	 1.649400
	 2.68 	 0.70 	 9.94 	 1.580535
	 2.70 	 0.68 	 9.96 	 1.511604
	 2.71 	 0.65 	 9.98 	 1.442675
	 2.72 	 0.62 	 10.00 	 1.373813
	 2.73 	 0.59 	 10.02 	 1.305082
	 2.74 	 0.56 	 10.04 	 1.236540
	 2.75 	 0.53 	 10.06 	 1.168247
	 2.76 	 0.50 	 10.08 	 1.100256
	 2.77 	 0.48 	 10.10 	 1.032620
	 2.78 	 0.45 	 10.12 	 0.965388
	 2.79 	 0.42 	 10.14 	 0.898607
	 2.80 	 0.39 	 10.16 	 0.832323
	 2.81 	 0.36 	 10.18 	 0.766576
	 2.81 	 0.33 	 10.20 	 0.701408
	 2.82 	 0.30 	 10.22 	 0.636855
	 2.82 	 0.27 	 10.24 	 0.572953
	 2.83 	 0.25 	 10.26 	 0.509737
	 2.83 	 0.22 	 10.28 	 0.447238
	 2.84 	 0.19 	 10.30 	 0.385485
	 2.84 	 0.16 	 10.32 	 0.324507
	 2.84 	 0.13 	 10.34 	 0.264331
	 2.85 	 0.10 	 10.36 	 0.204983
	 2.85 	 0.07 	 10.38 	 0.146486
	 2.85 	 0.04 	 10.40 	 0.088864
	 2.85 	 0.02 	 10.42 	 0.032137
	 2.85 	 -0.01 	 10.44 	 -0.023671
	 2.85 	 -0.04 	 10.46 	 -0.078543
	 2.85 	 -0.07 	 10.48 	 -0.132457
	 2.84 	 -0.10 	 10.50 	 -0.185395
	 2.84 	 -0.13 	 10.52 	 -0.237339
	 2.84 	 -0.15 	 10.54 	 -0.288269
	 2.83 	 -0.18 	 10.56 	 -0.338169
	 2.83 	 -0.21 	 10.58 	 -0.387019
	 2.83 	 -0.24 	 10.60 	 -0.434803
	 2.82 	 -0.27 	 10.62 	 -0.481501
	 2.81 	 -0.29 	 10.64 	 -0.527095
	 2.81 	 -0.32 	 10.66 	 -0.571568
	 2.80 	 -0.35 	 10.68 	 -0.614899
	 2.79 	 -0.38 	 10.70 	 -0.657069
	 2.79 	 -0.40 	 10.72 	 -0.698059
	 2.78 	 -0.43 	 10.74 	 -0.737847
	 2.77 	 -0.46 	 10.76 	 -0.776411
	 2.76 	 -0.48 	 10.78 	 -0.813731
	 2.75 	 -0.51 	 10.80 	 -0.849783
	 2.74 	 -0.54 	 10.82 	 -0.884544
	 2.73 	 -0.56 	 10.84 	 -0.917988
	 2.71 	 -0.59 	 10.86 	 -0.950091
	 2.70 	 -0.61 	 10.88 	 -0.980827
	 2.69 	 -0.64 	 10.90 	 -1.010169
	 2.68 	 -0.67 	 10.92 	 -1.038088
	 2.66 	 -0.69 	 10.94 	 -1.064558
	 2.65 	 -0.72 	 10.96 	 -1.089547
	 2.63 	 -0.74 	 10.98 	 -1.113028
	 2.62 	 -0.77 	 11.00 	 -1.134968
	 2.60 	 -0.79 	 11.02 	 -1.155336
	 2.59 	 -0.82 	 11.04 	 -1.174103
	 2.57 	 -0.84 	 11.06 	 -1.191234
	 2.55 	 -0.86 	 11.08 	 -1.206699
	 2.53 	 -0.89 	 11.10 	 -1.220464
	 2.52 	 -0.91 	 11.12 	 -1.232498
	 2.50 	 -0.93 	 11.14 	 -1.242769
	 2.48 	 -0.96 	 11.16 	 -1.251243
	 2.46 	 -0.98 	 11.18 	 -1.257891
	 2.44 	 -1.00 	 11.20 	 -1.262681
	 2.42 	 -1.03 	 11.22 	 -1.265582
	 2.40 	 -1.05 	 11.24 	 -1.266566
	 2.37 	 -1.07 	 11.26 	 -1.265606
	 2.35 	 -1.09 	 11.28 	 -1.262673
	 2.33 	 -1.11 	 11.30 	 -1.257744
	 2.31 	 -1.13 	 11.32 	 -1.250795
	 2.28 	 -1.15 	 11.34 	 -1.241805
	 2.26 	 -1.17 	 11.36 	 -1.230755
	 2.24 	 -1.20 	 11.38 	 -1.217629
	 2.21 	 -1.22 	 11.40 	 -1.202413
	 2.19 	 -1.23 	 11.42 	 -1.185097
	 2.16 	 -1.25 	 11.44 	 -1.165672
	 2.14 	 -1.27 	 11.46 	 -1.144135
	 2.11 	 -1.29 	 11.48 	 -1.120485
	 2.09 	 -1.31 	 11.50 	 -1.094725
	 2.06 	 -1.33 	 11.52 	 -1.066863
	 2.03 	 -1.35 	 11.54 	 -1.036910
	 2.01 	 -1.36 	 11.56 	 -1.004882
	 1.98 	 -1.38 	 11.58 	 -0.970799
	 1.95 	 -1.40 	 11.60 	 -0.934687
	 1.92 	 -1.42 	 11.62 	 -0.896576
	 1.89 	 -1.43 	 11.64 	 -0.856501
	 1.86 	 -1.45 	 11.66 	 -0.814503
	 1.83 	 -1.46 	 11.68 	 -0.770627
	 1.80 	 -1.48 	 11.70 	 -0.724924
	 1.77 	 -1.49 	 11.72 	 -0.677451
	 1.74 	 -1.51 	 11.74 	 -0.628269
	 1.71 	 -1.52 	 11.76 	 -0.577447
	 1.68 	 -1.54 	 11.78 	 -0.525056
	 1.65 	 -1.55 	 11.80 	 -0.471175
	 1.62 	 -1.56 	 11.82 	 -0.415887
	 1.59 	 -1.58 	 11.84 	 -0.359282
	 1.56 	 -1.59 	 11.86 	 -0.301452
	 1.53 	 -1.60 	 11.88 	 -0.242498
	 1.49 	 -1.62 	 11.90 	 -0.182523
	 1.46 	 -1.63 	 11.92 	 -0.121634
	 1.43 	 -1.64 	 11.94 	 -0.059946
	 1.39 	 -1.65 	 11.96 	 0.002424
	 1.36 	 -1.66 	 11.98 	 0.065357
	 1.33 	 -1.67 	 12.00 	 0.128727
	 1.29 	 -1.68 	 12.02 	 0.192407
	 1.26 	 -1.69 	 12.04 	 0.256266
	 1.23 	 -1.70 	 12.06 	 0.320170
	 1.19 	 -1.71 	 12.08 	 0.383984
	 1.16 	 -1.72 	 12.10 	 0.447570
	 1.12 	 -1.72 	 12.12 	 0.510791
	 1.09 	 -1.73 	 12.14 	 0.573506
	 1.05 	 -1.74 	 12.16 	 0.635575
	 1.02 	 -1.75 	 12.18 	 0.696858
	 0.98 	 -1.75 	 12.20 	 0.757217
	 0.95 	 -1.76 	 12.22 	 0.816511
	 0.91 	 -1.77 	 12.24 	 0.874604
	 0.88 	 -1.77 	 12.26 	 0.931360
	 0.84 	 -1.78 	 12.28 	 0.986647
	 0.81 	 -1.78 	 12.30 	 1.040334
	 0.77 	 -1.79 	 12.32 	 1.092295
	 0.74 	 -1.79 	 12.34 	 1.142406
	 0.70 	 -1.79 	 12.36 	 1.190549
	 0.66 	 -1.80 	 12.38 	 1.236610
	 0.63 	 -1.80 	 12.40 	 1.280480
	 0.59 	 -1.80 	 12.42 	 1.322055
	 0.56 	 -1.81 	 12.44 	 1.361237
	 0.52 	 -1.81 	 12.46 	 1.397936
	 0.48 	 -1.81 	 12.48 	 1.432067
	 0.45 	 -1.81 	 12.50 	 1.463552
	 0.41 	 -1.81 	 12.52 	 1.492320
	 0.38 	 -1.81 	 12.54 	 1.518308
	 0.34 	 -1.81 	 12.56 	 1.541461
	 0.30 	 -1.81 	 12.58 	 1.561731
	 0.27 	 -1.81 	 12.60 	 1.579079
	 0.23 	 -1.81 	 12.62 	 1.593472
	 0.19 	 -1.81 	 12.64 	 1.604888
	 0.16 	 -1.81 	 12.66 	 1.613312
	 0.12 	 -1.80 	 12.68 	 1.618737
	 0.09 	 -1.80 	 12.70 	 1.621164
	 0.05 	 -1.80 	 12.72 	 1.620605
	 0.01 	 -1.80 	 12.74 	 1.617076
	 -0.02 	 -1.79 	 12.76 	 1.610604
	 -0.06 	 -1.79 	 12.78 	 1.601222
	 -0.09 	 -1.79 	 12.80 	 1.588974
	 -0.13 	 -1.78 	 12.82 	 1.573907
	 -0.16 	 -1.78 	 12.84 	 1.556079
	 -0.20 	 -1.77 	 12.86 	 1.535553
	 -0.24 	 -1.76 	 12.88 	 1.512400
	 -0.27 	 -1.76 	 12.90 	 1.486696
	 -0.31 	 -1.75 	 12.92 	 1.458523
	 -0.34 	 -1.75 	 12.94 	 1.427972
	 -0.38 	 -1.74 	 12.96 	 1.395135
	 -0.41 	 -1.73 	 12.98 	 1.360111
	 -0.44 	 -1.72 	 13.00 	 1.323004
	 -0.48 	 -1.72 	 13.02 	 1.283921
	 -0.51 	 -1.71 	 13.04 	 1.242975
	 -0.55 	 -1.70 	 13.06 	 1.200279
	 -0.58 	 -1.69 	 13.08 	 1.155950
	 -0.61 	 -1.68 	 13.10 	 1.110110
	 -0.65 	 -1.67 	 13.12 	 1.062879
	 -0.68 	 -1.66 	 13.14 	 1.014383
	 -0.71 	 -1.65 	 13.16 	 0.964744
	 -0.75 	 -1.64 	 13.18 	 0.914089
	 -0.78 	 -1.63 	 13.20 	 0.862543
	 -0.81 	 -1.62 	 13.22 	 0.810232
	 -0.84 	 -1.61 	 13.24 	 0.757282
	 -0.88 	 -1.60 	 13.26 	 0.703816
	 -0.91 	 -1.59 	 13.28 	 0.649958
	 -0.94 	 -1.57 	 13.30 	 0.595829
	 -0.97 	 -1.56 	 13.32 	 0.541550
	 -1.00 	 -1.55 	 13.34 	 0.487237
	 -1.03 	 -1.53 	 13.36 	 0.433005
	 -1.06 	 -1.52 	 13.38 	 0.378968
	 -1.09 	 -1.51 	 13.40 	 0.325233
	 -1.12 	 -1.49 	 13.42 	 0.271907
	 -1.15 	 -1.48 	 13.44 	 0.219092
	 -1.18 	 -1.46 	 13.46 	 0.166888
	 -1.21 	 -1.45 	 13.48 	 0.115389
	 -1.24 	 -1.44 	 13.50 	 0.064686
	 -1.27 	 -1.42 	 13.52 	 0.014866
	 -1.30 	 -1.40 	 13.54 	 -0.033988
	 -1.32 	 -1.39 	 13.56 	 -0.081798
	 -1.35 	 -1.37 	 13.58 	 -0.128489
	 -1.38 	 -1.36 	 13.60 	 -0.173993
	 -1.40 	 -1.34 	 13.62 	 -0.218244
	 -1.43 	 -1.32 	 13.64 	 -0.261180
	 -1.46 	 -1.31 	 13.66 	 -0.302746
	 -1.48 	 -1.29 	 13.68 	 -0.342890
	 -1.51 	 -1.27 	 13.70 	 -0.381565
	 -1.53 	 -1.25 	 13.72 	 -0.418726
	 -1.56 	 -1.24 	 13.74 	 -0.454335
	 -1.58 	 -1.22 	 13.76 	 -0.488357
	 -1.61 	 -1.20 	 13.78 	 -0.520762
	 -1.63 	 -1.18 	 13.80 	 -0.551522
	 -1.65 	 -1.16 	 13.82 	 -0.580615
	 -1.68 	 -1.14 	 13.84 	 -0.608021
	 -1.70 	 -1.12 	 13.86 	 -0.633726
	 -1.72 	 -1.11 	 13.88 	 -0.657716
	 -1.74 	 -1.09 	 13.90 	 -0.679984
	 -1.76 	 -1.07 	 13.92 	 -0.700523
	 -1.79 	 -1.05 	 13.94 	 -0.719331
	 -1.81 	 -1.03 	 13.96 	 -0.736410
	 -1.83 	 -1.01 	 13.98 	 -0.751761
	 -1.85 	 -0.99 	 14.00 	 -0.765392
	 -1.86 	 -0.97 	 14.02 	 -0.777309
	 -1.88 	 -0.95 	 14.04 	 -0.787525
	 -1.90 	 -0.92 	 14.06 	 -0.796052
	 -1.92 	 -0.90 	 14.08 	 -0.802904
	 -1.94 	 -0.88 	 14.10 	 -0.808099
	 -1.96 	 -0.86 	 14.12 	 -0.811656
	 -1.97 	 -0.84 	 14.14 	 -0.813593
	 -1.99 	 -0.82 	 14.16 	 -0.813933
	 -2.00 	 -0.80 	 14.18 	 -0.812699
	 -2.02 	 -0.78 	 14.20 	 -0.809915
	 -2.03 	 -0.75 	 14.22 	 -0.805607
	 -2.05 	 -0.73 	 14.24 	 -0.799801
	 -2.06 	 -0.71 	 14.26 	 -0.792523
	 -2.08 	 -0.69 	 14.28 	 -0.783803
	 -2.09 	 -0.67 	 14.30 	 -0.773669
	 -2.10 	 -0.64 	 14.32 	 -0.762151
	 -2.12 	 -0.62 	 14.34 	 -0.749277
	 -2.13 	 -0.60 	 14.36 	 -0.735080
	 -2.14 	 -0.58 	 14.38 	 -0.719590
	 -2.15 	 -0.55 	 14.40 	 -0.702838
	 -2.16 	 -0.53 	 14.42 	 -0.684855
	 -2.17 	 -0.51 	 14.44 	 -0.665674
	 -2.18 	 -0.49 	 14.46 	 -0.645326
	 -2.19 	 -0.46 	 14.48 	 -0.623844
	 -2.20 	 -0.44 	 14.50 	 -0.601259
	 -2.21 	 -0.42 	 14.52 	 -0.577605
	 -2.22 	 -0.39 	 14.54 	 -0.552913
	 -2.22 	 -0.37 	 14.56 	 -0.527216
	 -2.23 	 -0.35 	 14.58 	 -0.500547
	 -2.24 	 -0.33 	 14.60 	 -0.472939
	 -2.24 	 -0.30 	 14.62 	 -0.444423
	 -2.25 	 -0.28 	 14.64 	 -0.415033
	 -2.25 	 -0.26 	 14.66 	 -0.384802
	 -2.26 	 -0.23 	 14.68 	 -0.353761
	 -2.26 	 -0.21 	 14.70 	 -0.321944
	 -2.27 	 -0.19 	 14.72 	 -0.289384
	 -2.27 	 -0.16 	 14.74 	 -0.256114
	 -2.27 	 -0.14 	 14.76 	 -0.222166
	 -2.27 	 -0.12 	 14.78 	 -0.187573
	 -2.28 	 -0.10 	 14.80 	 -0.152370
	 -2.28 	 -0.07 	 14.82 	 -0.116589
	 -2.28 	 -0.05 	 14.84 	 -0.080263
	 -2.28 	 -0.03 	 14.86 	 -0.043427
	 -2.28 	 -0.00 	 14.88 	 -0.006113
	 -2.28 	 0.02 	 14.90 	 0.031643
	 -2.28 	 0.04 	 14.92 	 0.069808
	 -2.28 	 0.06 	 14.94 	 0.108346
	 -2.27 	 0.09 	 14.96 	 0.147225
	 -2.27 	 0.11 	 14.98 	 0.186407
	 -2.27 	 0.13 	 15.00 	 0.225859
	 -2.27 	 0.15 	 15.02 	 0.265543
	 -2.26 	 0.18 	 15.04 	 0.305426
	 -2.26 	 0.20 	 15.06 	 0.345469
	 -2.26 	 0.22 	 15.08 	 0.385638
	 -2.25 	 0.24 	 15.10 	 0.425894
	 -2.24 	 0.27 	 15.12 	 0.466200
	 -2.24 	 0.29 	 15.14 	 0.506520
	 -2.23 	 0.31 	 15.16 	 0.546816
	 -2.23 	 0.33 	 15.18 	 0.587048
	 -2.22 	 0.35 	 15.20 	 0.627179
	 -2.21 	 0.37 	 15.22 	 0.667170
	 -2.20 	 0.40 	 15.24 	 0.706983
	 -2.20 	 0.42 	 15.26 	 0.746577
	 -2.19 	 0.44 	 15.28 	 0.785915
	 -2.18 	 0.46 	 15.30 	 0.824955
	 -2.17 	 0.48 	 15.32 	 0.863659
	 -2.16 	 0.50 	 15.34 	 0.901987
	 -2.15 	 0.52 	 15.36 	 0.939900
	 -2.14 	 0.54 	 15.38 	 0.977356
	 -2.13 	 0.56 	 15.40 	 1.014318
	 -2.11 	 0.58 	 15.42 	 1.050745
	 -2.10 	 0.60 	 15.44 	 1.086599
	 -2.09 	 0.62 	 15.46 	 1.121839
	 -2.08 	 0.64 	 15.48 	 1.156427
	 -2.06 	 0.66 	 15.50 	 1.190325
	 -2.05 	 0.68 	 15.52 	 1.223496
	 -2.04 	 0.70 	 15.54 	 1.255901
	 -2.02 	 0.72 	 15.56 	 1.287504
	 -2.01 	 0.74 	 15.58 	 1.318268
	 -1.99 	 0.76 	 15.60 	 1.348160
	 -1.98 	 0.77 	 15.62 	 1.377144
	 -1.96 	 0.79 	 15.64 	 1.405187
	 -1.94 	 0.81 	 15.66 	 1.432258
	 -1.93 	 0.83 	 15.68 	 1.458324
	 -1.91 	 0.85 	 15.70 	 1.483356
	 -1.89 	 0.86 	 15.72 	 1.507326
	 -1.88 	 0.88 	 15.74 	 1.530206
	 -1.86 	 0.90 	 15.76 	 1.551972
	 -1.84 	 0.91 	 15.78 	 1.572598
	 -1.82 	 0.93 	 15.80 	 1.592065
	 -1.80 	 0.95 	 15.82 	 1.610350
	 -1.78 	 0.96 	 15.84 	 1.627436
	 -1.76 	 0.98 	 15.86 	 1.643307
	 -1.74 	 0.99 	 15.88 	 1.657947
	 -1.72 	 1.01 	 15.90 	 1.671346
	 -1.70 	 1.03 	 15.92 	 1.683493
	 -1.68 	 1.04 	 15.94 	 1.694380
	 -1.66 	 1.06 	 15.96 	 1.704003
	 -1.64 	 1.07 	 15.98 	 1.712359
	 -1.62 	 1.08 	 16.00 	 1.719447
	 -1.60 	 1.10 	 16.02 	 1.725270
	 -1.57 	 1.11 	 16.04 	 1.729832
	 -1.55 	 1.13 	 16.06 	 1.733141
	 -1.53 	 1.14 	 16.08 	 1.735207
	 -1.50 	 1.15 	 16.10 	 1.736043
	 -1.48 	 1.16 	 16.12 	 1.735663
	 -1.46 	 1.18 	 16.14 	 1.734086
	 -1.43 	 1.19 	 16.16 	 1.731332
	 -1.41 	 1.20 	 16.18 	 1.727425
	 -1.39 	 1.21 	 16.20 	 1.722390
	 -1.36 	 1.22 	 16.22 	 1.716256
	 -1.34 	 1.24 	 16.24 	 1.709053
	 -1.31 	 1.25 	 16.26 	 1.700814
	 -1.29 	 1.26 	 16.28 	 1.691576
	 -1.26 	 1.27 	 16.30 	 1.681375
	 -1.24 	 1.28 	 16.32 	 1.670253
	 -1.21 	 1.29 	 16.34 	 1.658252
	 -1.18 	 1.30 	 16.36 	 1.645414
	 -1.16 	 1.31 	 16.38 	 1.631788
	 -1.13 	 1.31 	 16.40 	 1.617420
	 -1.11 	 1.32 	 16.42 	 1.602360
	 -1.08 	 1.33 	 16.44 	 1.586659
	 -1.05 	 1.34 	 16.46 	 1.570370
	 -1.03 	 1.35 	 16.48 	 1.553546
	 -1.00 	 1.36 	 16.50 	 1.536241
	 -0.97 	 1.36 	 16.52 	 1.518512
	 -0.94 	 1.37 	 16.54 	 1.500413
	 -0.92 	 1.38 	 16.56 	 1.482003
	 -0.89 	 1.38 	 16.58 	 1.463338
	 -0.86 	 1.39 	 16.60 	 1.444475
	 -0.83 	 1.39 	 16.62 	 1.425472
	 -0.80 	 1.40 	 16.64 	 1.406385
	 -0.78 	 1.41 	 16.66 	 1.387271
	 -0.75 	 1.41 	 16.68 	 1.368187
	 -0.72 	 1.41 	 16.70 	 1.349188
	 -0.69 	 1.42 	 16.72 	 1.330327
	 -0.66 	 1.42 	 16.74 	 1.311659
	 -0.63 	 1.43 	 16.76 	 1.293235
	 -0.61 	 1.43 	 16.78 	 1.275107
	 -0.58 	 1.43 	 16.80 	 1.257322
	 -0.55 	 1.44 	 16.82 	 1.239928
	 -0.52 	 1.44 	 16.84 	 1.222970
	 -0.49 	 1.44 	 16.86 	 1.206492
	 -0.46 	 1.44 	 16.88 	 1.190533
	 -0.43 	 1.45 	 16.90 	 1.175134
	 -0.40 	 1.45 	 16.92 	 1.160329
	 -0.38 	 1.45 	 16.94 	 1.146151
	 -0.35 	 1.45 	 16.96 	 1.132633
	 -0.32 	 1.45 	 16.98 	 1.119801
	 -0.29 	 1.45 	 17.00 	 1.107681
	 -0.26 	 1.45 	 17.02 	 1.096294
	 -0.23 	 1.45 	 17.04 	 1.085661
	 -0.20 	 1.45 	 17.06 	 1.075796
	 -0.17 	 1.45 	 17.08 	 1.066713
	 -0.14 	 1.45 	 17.10 	 1.058421
	 -0.11 	 1.45 	 17.12 	 1.050928
	 -0.09 	 1.44 	 17.14 	 1.044237
	 -0.06 	 1.44 	 17.16 	 1.038349
	 -0.03 	 1.44 	 17.18 	 1.033261
	 0.00 	 1.44 	 17.20 	 1.028967
	 0.03 	 1.43 	 17.22 	 1.025459
	 0.06 	 1.43 	 17.24 	 1.022725
	 0.09 	 1.43 	 17.26 	 1.020752
	 0.12 	 1.42 	 17.28 	 1.019522
	 0.14 	 1.42 	 17.30 	 1.019014
	 0.17 	 1.42 	 17.32 	 1.019208
	 0.20 	 1.41 	 17.34 	 1.020078
	 0.23 	 1.41 	 17.36 	 1.021596
	 0.26 	 1.40 	 17.38 	 1.023734
	 0.28 	 1.40 	 17.40 	 1.026460
	 0.31 	 1.39 	 17.42 	 1.029740
	 0.34 	 1.38 	 17.44 	 1.033540
	 0.37 	 1.38 	 17.46 	 1.037822
	 0.39 	 1.37 	 17.48 	 1.042548
	 0.42 	 1.36 	 17.50 	 1.047677
	 0.45 	 1.36 	 17.52 	 1.053170
	 0.48 	 1.35 	 17.54 	 1.058984
	 0.50 	 1.34 	 17.56 	 1.065076
	 0.53 	 1.34 	 17.58 	 1.071402
	 0.56 	 1.33 	 17.60 	 1.077918
	 0.58 	 1.32 	 17.62 	 1.084580
	 0.61 	 1.31 	 17.64 	 1.091342
	 0.63 	 1.30 	 17.66 	 1.098160
	 0.66 	 1.29 	 17.68 	 1.104989
	 0.69 	 1.28 	 17.70 	 1.111785
	 0.71 	 1.27 	 17.72 	 1.118502
	 0.74 	 1.26 	 17.74 	 1.125098
	 0.76 	 1.25 	 17.76 	 1.131529
	 0.79 	 1.24 	 17.78 	 1.137753
	 0.81 	 1.23 	 17.80 	 1.143728
	 0.84 	 1.22 	 17.82 	 1.149414
	 0.86 	 1.21 	 17.84 	 1.154772
	 0.88 	 1.20 	 17.86 	 1.159764
	 0.91 	 1.19 	 17.88 	 1.164352
	 0.93 	 1.18 	 17.90 	 1.168502
	 0.96 	 1.17 	 17.92 	 1.172181
	 0.98 	 1.16 	 17.94 	 1.175355
	 1.00 	 1.14 	 17.96 	 1.177994
	 1.02 	 1.13 	 17.98 	 1.180069
	 1.05 	 1.12 	 18.00 	 1.181554
	 1.07 	 1.11 	 18.02 	 1.182424
	 1.09 	 1.09 	 18.04 	 1.182654
	 1.11 	 1.08 	 18.06 	 1.182223
	 1.13 	 1.07 	 18.08 	 1.181112
	 1.15 	 1.05 	 18.10 	 1.179304
	 1.17 	 1.04 	 18.12 	 1.176782
	 1.20 	 1.03 	 18.14 	 1.173533
	 1.22 	 1.01 	 18.16 	 1.169545
	 1.24 	 1.00 	 18.18 	 1.164808
	 1.26 	 0.98 	 18.20 	 1.159314
	 1.27 	 0.97 	 18.22 	 1.153058
	 1.29 	 0.95 	 18.24 	 1.146034
	 1.31 	 0.94 	 18.26 	 1.138242
	 1.33 	 0.92 	 18.28 	 1.129679
	 1.35 	 0.91 	 18.30 	 1.120348
	 1.37 	 0.89 	 18.32 	 1.110251
	 1.38 	 0.88 	 18.34 	 1.099393
	 1.40 	 0.86 	 18.36 	 1.087780
	 1.42 	 0.85 	 18.38 	 1.075421
	 1.44 	 0.83 	 18.40 	 1.062324
	 1.45 	 0.81 	 18.42 	 1.048500
	 1.47 	 0.80 	 18.44 	 1.033961
	 1.48 	 0.78 	 18.46 	 1.018722
	 1.50 	 0.77 	 18.48 	 1.002796
	 1.51 	 0.75 	 18.50 	 0.986200
	 1.53 	 0.73 	 18.52 	 0.968951
	 1.54 	 0.72 	 18.54 	 0.951067
	 1.56 	 0.70 	 18.56 	 0.932568
	 1.57 	 0.68 	 18.58 	 0.913473
	 1.58 	 0.67 	 18.60 	 0.893805
	 1.60 	 0.65 	 18.62 	 0.873584
	 1.61 	 0.63 	 18.64 	 0.852833
	 1.62 	 0.61 	 18.66 	 0.831576
	 1.63 	 0.60 	 18.68 	 0.809837
	 1.64 	 0.58 	 18.70 	 0.787640
	 1.66 	 0.56 	 18.72 	 0.765011
	 1.67 	 0.54 	 18.74 	 0.741974
	 1.68 	 0.53 	 18.76 	 0.718557
	 1.69 	 0.51 	 18.78 	 0.694785
	 1.70 	 0.49 	 18.80 	 0.670684
	 1.71 	 0.47 	 18.82 	 0.646282
	 1.72 	 0.45 	 18.84 	 0.621606
	 1.72 	 0.44 	 18.86 	 0.596683
	 1.73 	 0.42 	 18.88 	 0.571540
	 1.74 	 0.40 	 18.90 	 0.546205
	 1.75 	 0.38 	 18.92 	 0.520705
	 1.76 	 0.36 	 18.94 	 0.495067
	 1.76 	 0.34 	 18.96 	 0.469319
	 1.77 	 0.33 	 18.98 	 0.443488
	 1.78 	 0.31 	 19.00 	 0.417601
	 1.78 	 0.29 	 19.02 	 0.391686
	 1.79 	 0.27 	 19.04 	 0.365769
	 1.79 	 0.25 	 19.06 	 0.339877
	 1.80 	 0.23 	 19.08 	 0.314036
	 1.80 	 0.22 	 19.10 	 0.288274
	 1.80 	 0.20 	 19.12 	 0.262614
	 1.81 	 0.18 	 19.14 	 0.237085
	 1.81 	 0.16 	 19.16 	 0.211710
	 1.81 	 0.14 	 19.18 	 0.186515
	 1.82 	 0.12 	 19.20 	 0.161526
	 1.82 	 0.11 	 19.22 	 0.136765
	 1.82 	 0.09 	 19.24 	 0.112258
	 1.82 	 0.07 	 19.26 	 0.088029
	 1.82 	 0.05 	 19.28 	 0.064101
	 1.82 	 0.03 	 19.30 	 0.040496
	 1.82 	 0.01 	 19.32 	 0.017238
	 1.82 	 -0.00 	 19.34 	 -0.005651
	 1.82 	 -0.02 	 19.36 	 -0.028149
	 1.82 	 -0.04 	 19.38 	 -0.050235
	 1.82 	 -0.06 	 19.40 	 -0.071887
	 1.82 	 -0.08 	 19.42 	 -0.093086
	 1.82 	 -0.10 	 19.44 	 -0.113810
	 1.82 	 -0.11 	 19.46 	 -0.134040
	 1.81 	 -0.13 	 19.48 	 -0.153757
	 1.81 	 -0.15 	 19.50 	 -0.172942
	 1.81 	 -0.17 	 19.52 	 -0.191576
	 1.80 	 -0.18 	 19.54 	 -0.209642
	 1.80 	 -0.20 	 19.56 	 -0.227121
	 1.79 	 -0.22 	 19.58 	 -0.243997
	 1.79 	 -0.24 	 19.60 	 -0.260254
	 1.78 	 -0.25 	 19.62 	 -0.275876
	 1.78 	 -0.27 	 19.64 	 -0.290847
	 1.77 	 -0.29 	 19.66 	 -0.305152
	 1.77 	 -0.31 	 19.68 	 -0.318776
	 1.76 	 -0.32 	 19.70 	 -0.331707
	 1.75 	 -0.34 	 19.72 	 -0.343931
	 1.75 	 -0.36 	 19.74 	 -0.355435
	 1.74 	 -0.37 	 19.76 	 -0.366208
	 1.73 	 -0.39 	 19.78 	 -0.376237
	 1.72 	 -0.41 	 19.80 	 -0.385513
	 1.72 	 -0.42 	 19.82 	 -0.394025
	 1.71 	 -0.44 	 19.84 	 -0.401764
	 1.70 	 -0.46 	 19.86 	 -0.408721
	 1.69 	 -0.47 	 19.88 	 -0.414889
	 1.68 	 -0.49 	 19.90 	 -0.420259
	 1.67 	 -0.50 	 19.92 	 -0.424827
	 1.66 	 -0.52 	 19.94 	 -0.428585
	 1.65 	 -0.54 	 19.96 	 -0.431530
	 1.64 	 -0.55 	 19.98 	 -0.433657
	 1.62 	 -0.57 	 20.00 	 -0.434964
	 1.61 	 -0.58 	 20.02 	 -0.435448
	 1.60 	 -0.60 	 20.04 	 -0.435107
	 1.59 	 -0.61 	 20.06 	 -0.433942
	 1.58 	 -0.63 	 20.08 	 -0.431953
	 1.56 	 -0.64 	 20.10 	 -0.429142
	 1.55 	 -0.65 	 20.12 	 -0.425511
	 1.54 	 -0.67 	 20.14 	 -0.421063
	 1.52 	 -0.68 	 20.16 	 -0.415805
	 1.51 	 -0.70 	 20.18 	 -0.409740
	 1.50 	 -0.71 	 20.20 	 -0.402876
	 1.48 	 -0.72 	 20.22 	 -0.395221
	 1.47 	 -0.74 	 20.24 	 -0.386784
	 1.45 	 -0.75 	 20.26 	 -0.377575
	 1.44 	 -0.76 	 20.28 	 -0.367605
	 1.42 	 -0.78 	 20.30 	 -0.356886
	 1.40 	 -0.79 	 20.32 	 -0.345433
	 1.39 	 -0.80 	 20.34 	 -0.333259
	 1.37 	 -0.81 	 20.36 	 -0.320380
	 1.36 	 -0.83 	 20.38 	 -0.306815
	 1.34 	 -0.84 	 20.40 	 -0.292580
	 1.32 	 -0.85 	 20.42 	 -0.277695
	 1.30 	 -0.86 	 20.44 	 -0.262180
	 1.29 	 -0.87 	 20.46 	 -0.246058
	 1.27 	 -0.88 	 20.48 	 -0.229351
	 1.25 	 -0.89 	 20.50 	 -0.212082
	 1.23 	 -0.90 	 20.52 	 -0.194277
	 1.22 	 -0.92 	 20.54 	 -0.175962
	 1.20 	 -0.93 	 20.56 	 -0.157163
	 1.18 	 -0.94 	 20.58 	 -0.137909
	 1.16 	 -0.95 	 20.60 	 -0.118228
	 1.14 	 -0.96 	 20.62 	 -0.098151
	 1.12 	 -0.96 	 20.64 	 -0.077709
	 1.10 	 -0.97 	 20.66 	 -0.056933
	 1.08 	 -0.98 	 20.68 	 -0.035855
	 1.06 	 -0.99 	 20.70 	 -0.014510
	 1.04 	 -1.00 	 20.72 	 0.007070
	 1.02 	 -1.01 	 20.74 	 0.028849
	 1.00 	 -1.02 	 20.76 	 0.050793
	 0.98 	 -1.03 	 20.78 	 0.072865
	 0.96 	 -1.03 	 20.80 	 0.095029
	 0.94 	 -1.04 	 20.82 	 0.117250
	 0.92 	 -1.05 	 20.84 	 0.139489
	 0.90 	 -1.05 	 20.86 	 0.161710
	 0.88 	 -1.06 	 20.88 	 0.183875
	 0.85 	 -1.07 	 20.90 	 0.205947
	 0.83 	 -1.07 	 20.92 	 0.227889
	 0.81 	 -1.08 	 20.94 	 0.249663
	 0.79 	 -1.09 	 20.96 	 0.271232
	 0.77 	 -1.09 	 20.98 	 0.292558
	 0.75 	 -1.10 	 21.00 	 0.313606
	 0.72 	 -1.10 	 21.02 	 0.334338
	 0.70 	 -1.11 	 21.04 	 0.354719
	 0.68 	 -1.11 	 21.06 	 0.374713
	 0.66 	 -1.12 	 21.08 	 0.394286
	 0.63 	 -1.12 	 21.10 	 0.413403
	 0.61 	 -1.13 	 21.12 	 0.432032
	 0.59 	 -1.13 	 21.14 	 0.450139
	 0.57 	 -1.13 	 21.16 	 0.467694
	 0.54 	 -1.14 	 21.18 	 0.484667
	 0.52 	 -1.14 	 21.20 	 0.501027
	 0.50 	 -1.14 	 21.22 	 0.516747
	 0.48 	 -1.15 	 21.24 	 0.531799
	 0.45 	 -1.15 	 21.26 	 0.546159
	 0.43 	 -1.15 	 21.28 	 0.559801
	 0.41 	 -1.15 	 21.30 	 0.572704
	 0.38 	 -1.15 	 21.32 	 0.584845
	 0.36 	 -1.16 	 21.34 	 0.596205
	 0.34 	 -1.16 	 21.36 	 0.606766
	 0.31 	 -1.16 	 21.38 	 0.616510
	 0.29 	 -1.16 	 21.40 	 0.625424
	 0.27 	 -1.16 	 21.42 	 0.633493
	 0.24 	 -1.16 	 21.44 	 0.640706
	 0.22 	 -1.16 	 21.46 	 0.647053
	 0.20 	 -1.16 	 21.48 	 0.652526
	 0.17 	 -1.16 	 21.50 	 0.657119
	 0.15 	 -1.16 	 21.52 	 0.660826
	 0.13 	 -1.16 	 21.54 	 0.663647
	 0.11 	 -1.16 	 21.56 	 0.665578
	 0.08 	 -1.16 	 21.58 	 0.666622
	 0.06 	 -1.15 	 21.60 	 0.666781
	 0.04 	 -1.15 	 21.62 	 0.666058
	 0.01 	 -1.15 	 21.64 	 0.664461
	 -0.01 	 -1.15 	 21.66 	 0.661997
	 -0.03 	 -1.15 	 21.68 	 0.658676
	 -0.06 	 -1.14 	 21.70 	 0.654508
	 -0.08 	 -1.14 	 21.72 	 0.649507
	 -0.10 	 -1.14 	 21.74 	 0.643687
	 -0.12 	 -1.13 	 21.76 	 0.637064
	 -0.15 	 -1.13 	 21.78 	 0.629654
	 -0.17 	 -1.13 	 21.80 	 0.621478
	 -0.19 	 -1.12 	 21.82 	 0.612554
	 -0.21 	 -1.12 	 21.84 	 0.602906
	 -0.24 	 -1.11 	 21.86 	 0.592554
	 -0.26 	 -1.11 	 21.88 	 0.581524
	 -0.28 	 -1.11 	 21.90 	 0.569840
	 -0.30 	 -1.10 	 21.92 	 0.557528
	 -0.32 	 -1.10 	 21.94 	 0.544616
	 -0.35 	 -1.09 	 21.96 	 0.531131
	 -0.37 	 -1.08 	 21.98 	 0.517103
	 -0.39 	 -1.08 	 22.00 	 0.502560
	 -0.41 	 -1.07 	 22.02 	 0.487533
	 -0.43 	 -1.07 	 22.04 	 0.472054
	 -0.45 	 -1.06 	 22.06 	 0.456152
	 -0.47 	 -1.05 	 22.08 	 0.439862
	 -0.50 	 -1.05 	 22.10 	 0.423213
	 -0.52 	 -1.04 	 22.12 	 0.406240
	 -0.54 	 -1.03 	 22.14 	 0.388974
	 -0.56 	 -1.02 	 22.16 	 0.371449
	 -0.58 	 -1.02 	 22.18 	 0.353698
	 -0.60 	 -1.01 	 22.20 	 0.335753
	 -0.62 	 -1.00 	 22.22 	 0.317648
	 -0.64 	 -0.99 	 22.24 	 0.299416
	 -0.66 	 -0.98 	 22.26 	 0.281088
	 -0.68 	 -0.98 	 22.28 	 0.262698
	 -0.70 	 -0.97 	 22.30 	 0.244278
	 -0.72 	 -0.96 	 22.32 	 0.225859
	 -0.73 	 -0.95 	 22.34 	 0.207472
	 -0.75 	 -0.94 	 22.36 	 0.189148
	 -0.77 	 -0.93 	 22.38 	 0.170917
	 -0.79 	 -0.92 	 22.40 	 0.152810
	 -0.81 	 -0.91 	 22.42 	 0.134853
	 -0.83 	 -0.90 	 22.44 	 0.117077
	 -0.84 	 -0.89 	 22.46 	 0.099508
	 -0.86 	 -0.88 	 22.48 	 0.082173
	 -0.88 	 -0.87 	 22.50 	 0.065098
	 -0.90 	 -0.86 	 22.52 	 0.048309
	 -0.91 	 -0.85 	 22.54 	 0.031828
	 -0.93 	 -0.84 	 22.56 	 0.015680
	 -0.95 	 -0.83 	 22.58 	 -0.000113
	 -0.96 	 -0.82 	 22.60 	 -0.015529
	 -0.98 	 -0.80 	 22.62 	 -0.030548
	 -1.00 	 -0.79 	 22.64 	 -0.045151
	 -1.01 	 -0.78 	 22.66 	 -0.059319
	 -1.03 	 -0.77 	 22.68 	 -0.073035
	 -1.04 	 -0.76 	 22.70 	 -0.086281
	 -1.06 	 -0.75 	 22.72 	 -0.099043
	 -1.07 	 -0.73 	 22.74 	 -0.111306
	 -1.09 	 -0.72 	 22.76 	 -0.123056
	 -1.10 	 -0.71 	 22.78 	 -0.134281
	 -1.11 	 -0.70 	 22.80 	 -0.144970
	 -1.13 	 -0.69 	 22.82 	 -0.155112
	 -1.14 	 -0.67 	 22.84 	 -0.164697
	 -1.15 	 -0.66 	 22.86 	 -0.173717
	 -1.17 	 -0.65 	 22.88 	 -0.182165
	 -1.18 	 -0.63 	 22.90 	 -0.190033
	 -1.19 	 -0.62 	 22.92 	 -0.197318
	 -1.20 	 -0.61 	 22.94 	 -0.204013
	 -1.22 	 -0.59 	 22.96 	 -0.210115
	 -1.23 	 -0.58 	 22.98 	 -0.215621
	 -1.24 	 -0.57 	 23.00 	 -0.220530
	 -1.25 	 -0.55 	 23.02 	 -0.224840
	 -1.26 	 -0.54 	 23.04 	 -0.228551
	 -1.27 	 -0.53 	 23.06 	 -0.231663
	 -1.28 	 -0.51 	 23.08 	 -0.234179
	 -1.29 	 -0.50 	 23.10 	 -0.236100
	 -1.30 	 -0.49 	 23.12 	 -0.237429
	 -1.31 	 -0.47 	 23.14 	 -0.238171
	 -1.32 	 -0.46 	 23.16 	 -0.238329
	 -1.33 	 -0.44 	 23.18 	 -0.237908
	 -1.34 	 -0.43 	 23.20 	 -0.236915
	 -1.35 	 -0.41 	 23.22 	 -0.235356
	 -1.35 	 -0.40 	 23.24 	 -0.233238
	 -1.36 	 -0.39 	 23.26 	 -0.230569
	 -1.37 	 -0.37 	 23.28 	 -0.227357
	 -1.38 	 -0.36 	 23.30 	 -0.223611
	 -1.38 	 -0.34 	 23.32 	 -0.219340
	 -1.39 	 -0.33 	 23.34 	 -0.214555
	 -1.40 	 -0.31 	 23.36 	 -0.209266
	 -1.40 	 -0.30 	 23.38 	 -0.203483
	 -1.41 	 -0.28 	 23.40 	 -0.197218
	 -1.41 	 -0.27 	 23.42 	 -0.190483
	 -1.42 	 -0.26 	 23.44 	 -0.183290
	 -1.42 	 -0.24 	 23.46 	 -0.175652
	 -1.43 	 -0.23 	 23.48 	 -0.167581
	 -1.43 	 -0.21 	 23.50 	 -0.159092
	 -1.44 	 -0.20 	 23.52 	 -0.150197
	 -1.44 	 -0.18 	 23.54 	 -0.140911
	 -1.44 	 -0.17 	 23.56 	 -0.131248
	 -1.45 	 -0.15 	 23.58 	 -0.121223
	 -1.45 	 -0.14 	 23.60 	 -0.110850
	 -1.45 	 -0.12 	 23.62 	 -0.100144
	 -1.45 	 -0.11 	 23.64 	 -0.089121
	 -1.45 	 -0.09 	 23.66 	 -0.077797
	 -1.46 	 -0.08 	 23.68 	 -0.066186
	 -1.46 	 -0.06 	 23.70 	 -0.054305
	 -1.46 	 -0.05 	 23.72 	 -0.042170
	 -1.46 	 -0.03 	 23.74 	 -0.029797
	 -1.46 	 -0.02 	 23.76 	 -0.017202
	 -1.46 	 -0.00 	 23.78 	 -0.004402
	 -1.46 	 0.01 	 23.80 	 0.008587
	 -1.46 	 0.02 	 23.82 	 0.021749
	 -1.46 	 0.04 	 23.84 	 0.035066
	 -1.46 	 0.05 	 23.86 	 0.048523
	 -1.46 	 0.07 	 23.88 	 0.062102
	 -1.45 	 0.08 	 23.90 	 0.075787
	 -1.45 	 0.10 	 23.92 	 0.089561
	 -1.45 	 0.11 	 23.94 	 0.103407
	 -1.45 	 0.13 	 23.96 	 0.117310
	 -1.44 	 0.14 	 23.98 	 0.131252
	 -1.44 	 0.15 	 24.00 	 0.145217
	 -1.44 	 0.17 	 24.02 	 0.159189
	 -1.43 	 0.18 	 24.04 	 0.173152
	 -1.43 	 0.20 	 24.06 	 0.187089
	 -1.43 	 0.21 	 24.08 	 0.200984
	 -1.42 	 0.22 	 24.10 	 0.214822
	 -1.42 	 0.24 	 24.12 	 0.228587
	 -1.41 	 0.25 	 24.14 	 0.242264
	 -1.41 	 0.26 	 24.16 	 0.255837
	 -1.40 	 0.28 	 24.18 	 0.269291
	 -1.40 	 0.29 	 24.20 	 0.282613
	 -1.39 	 0.30 	 24.22 	 0.295787
	 -1.38 	 0.32 	 24.24 	 0.308799
	 -1.38 	 0.33 	 24.26 	 0.321636
	 -1.37 	 0.34 	 24.28 	 0.334284
	 -1.36 	 0.36 	 24.30 	 0.346729
	 -1.36 	 0.37 	 24.32 	 0.358960
	 -1.35 	 0.38 	 24.34 	 0.370963
	 -1.34 	 0.40 	 24.36 	 0.382727
	 -1.33 	 0.41 	 24.38 	 0.394239
	 -1.32 	 0.42 	 24.40 	 0.405489
	 -1.31 	 0.43 	 24.42 	 0.416467
	 -1.31 	 0.45 	 24.44 	 0.427161
	 -1.30 	 0.46 	 24.46 	 0.437562
	 -1.29 	 0.47 	 24.48 	 0.447660
	 -1.28 	 0.48 	 24.50 	 0.457447
	 -1.27 	 0.49 	 24.52 	 0.466915
	 -1.26 	 0.51 	 24.54 	 0.476056
	 -1.25 	 0.52 	 24.56 	 0.484862
	 -1.24 	 0.53 	 24.58 	 0.493327
	 -1.23 	 0.54 	 24.60 	 0.501445
	 -1.21 	 0.55 	 24.62 	 0.509211
	 -1.20 	 0.56 	 24.64 	 0.516619
	 -1.19 	 0.57 	 24.66 	 0.523665
	 -1.18 	 0.58 	 24.68 	 0.530347
	 -1.17 	 0.59 	 24.70 	 0.536659
	 -1.16 	 0.60 	 24.72 	 0.542601
	 -1.14 	 0.61 	 24.74 	 0.548170
	 -1.13 	 0.63 	 24.76 	 0.553366
	 -1.12 	 0.64 	 24.78 	 0.558187
	 -1.11 	 0.65 	 24.80 	 0.562634
	 -1.09 	 0.65 	 24.82 	 0.566708
	 -1.08 	 0.66 	 24.84 	 0.570409
	 -1.07 	 0.67 	 24.86 	 0.573741
	 -1.05 	 0.68 	 24.88 	 0.576705
	 -1.04 	 0.69 	 24.90 	 0.579306
	 -1.02 	 0.70 	 24.92 	 0.581546
	 -1.01 	 0.71 	 24.94 	 0.583431
	 -1.00 	 0.72 	 24.96 	 0.584965
	 -0.98 	 0.73 	 24.98 	 0.586154
	 -0.97 	 0.74 	 25.00 	 0.587005
	 -0.95 	 0.74 	 25.02 	 0.587524
	 -0.94 	 0.75 	 25.04 	 0.587719
	 -0.92 	 0.76 	 25.06 	 0.587597
	 -0.91 	 0.77 	 25.08 	 0.587168
	 -0.89 	 0.78 	 25.10 	 0.586439
	 -0.87 	 0.78 	 25.12 	 0.585421
	 -0.86 	 0.79 	 25.14 	 0.584122
	 -0.84 	 0.80 	 25.16 	 0.582555
	 -0.83 	 0.80 	 25.18 	 0.580728
	 -0.81 	 0.81 	 25.20 	 0.578653
	 -0.79 	 0.82 	 25.22 	 0.576342
	 -0.78 	 0.82 	 25.24 	 0.573805
	 -0.76 	 0.83 	 25.26 	 0.571056
	 -0.74 	 0.84 	 25.28 	 0.568107
	 -0.73 	 0.84 	 25.30 	 0.564969
	 -0.71 	 0.85 	 25.32 	 0.561655
	 -0.69 	 0.85 	 25.34 	 0.558179
	 -0.68 	 0.86 	 25.36 	 0.554553
	 -0.66 	 0.86 	 25.38 	 0.550790
	 -0.64 	 0.87 	 25.40 	 0.546904
	 -0.62 	 0.87 	 25.42 	 0.542907
	 -0.61 	 0.88 	 25.44 	 0.538813
	 -0.59 	 0.88 	 25.46 	 0.534635
	 -0.57 	 0.88 	 25.48 	 0.530386
	 -0.55 	 0.89 	 25.50 	 0.526079
	 -0.54 	 0.89 	 25.52 	 0.521726
	 -0.52 	 0.90 	 25.54 	 0.517341
	 -0.50 	 0.90 	 25.56 	 0.512935
	 -0.48 	 0.90 	 25.58 	 0.508522
	 -0.46 	 0.91 	 25.60 	 0.504113
	 -0.45 	 0.91 	 25.62 	 0.499719
	 -0.43 	 0.91 	 25.64 	 0.495352
	 -0.41 	 0.91 	 25.66 	 0.491023
	 -0.39 	 0.92 	 25.68 	 0.486742
	 -0.37 	 0.92 	 25.70 	 0.482521
	 -0.35 	 0.92 	 25.72 	 0.478367
	 -0.34 	 0.92 	 25.74 	 0.474292
	 -0.32 	 0.92 	 25.76 	 0.470303
	 -0.30 	 0.92 	 25.78 	 0.466409
	 -0.28 	 0.93 	 25.80 	 0.462618
	 -0.26 	 0.93 	 25.82 	 0.458936
	 -0.24 	 0.93 	 25.84 	 0.455372
	 -0.23 	 0.93 	 25.86 	 0.451930
	 -0.21 	 0.93 	 25.88 	 0.448617
	 -0.19 	 0.93 	 25.90 	 0.445438
	 -0.17 	 0.93 	 25.92 	 0.442396
	 -0.15 	 0.93 	 25.94 	 0.439496
	 -0.13 	 0.93 	 25.96 	 0.436741
	 -0.11 	 0.93 	 25.98 	 0.434133
	 -0.10 	 0.93 	 26.00 	 0.431675
	 -0.08 	 0.93 	 26.02 	 0.429368
	 -0.06 	 0.92 	 26.04 	 0.427212
	 -0.04 	 0.92 	 26.06 	 0.425207
	 -0.02 	 0.92 	 26.08 	 0.423354
	 -0.00 	 0.92 	 26.10 	 0.421650
	 0.02 	 0.92 	 26.12 	 0.420095
	 0.03 	 0.92 	 26.14 	 0.418686
	 0.05 	 0.91 	 26.16 	 0.417420
	 0.07 	 0.91 	 26.18 	 0.416295
	 0.09 	 0.91 	 26.20 	 0.415305
	 0.11 	 0.91 	 26.22 	 0.414447
	 0.12 	 0.90 	 26.24 	 0.413716
	 0.14 	 0.90 	 26.26 	 0.413107
	 0.16 	 0.90 	 26.28 	 0.412613
	 0.18 	 0.89 	 26.30 	 0.412228
	 0.20 	 0.89 	 26.32 	 0.411946
	 0.21 	 0.89 	 26.34 	 0.411760
	 0.23 	 0.88 	 26.36 	 0.411662
	 0.25 	 0.88 	 26.38 	 0.411645
	 0.27 	 0.87 	 26.40 	 0.411700
	 0.28 	 0.87 	 26.42 	 0.411820
	 0.30 	 0.87 	 26.44 	 0.411995
	 0.32 	 0.86 	 26.46 	 0.412217
	 0.34 	 0.86 	 26.48 	 0.412477
	 0.35 	 0.85 	 26.50 	 0.412765
	 0.37 	 0.85 	 26.52 	 0.413073
	 0.39 	 0.84 	 26.54 	 0.413391
	 0.40 	 0.83 	 26.56 	 0.413709
	 0.42 	 0.83 	 26.58 	 0.414018
	 0.44 	 0.82 	 26.60 	 0.414309
	 0.45 	 0.82 	 26.62 	 0.414572
	 0.47 	 0.81 	 26.64 	 0.414797
	 0.49 	 0.80 	 26.66 	 0.414974
	 0.50 	 0.80 	 26.68 	 0.415096
	 0.52 	 0.79 	 26.70 	 0.415152
	 0.53 	 0.78 	 26.72 	 0.415133
	 0.55 	 0.78 	 26.74 	 0.415030
	 0.56 	 0.77 	 26.76 	 0.414835
	 0.58 	 0.76 	 26.78 	 0.414538
	 0.59 	 0.76 	 26.80 	 0.414132
	 0.61 	 0.75 	 26.82 	 0.413609
	 0.62 	 0.74 	 26.84 	 0.412961
	 0.64 	 0.73 	 26.86 	 0.412180
	 0.65 	 0.73 	 26.88 	 0.411259
	 0.67 	 0.72 	 26.90 	 0.410191
	 0.68 	 0.71 	 26.92 	 0.408970
	 0.70 	 0.70 	 26.94 	 0.407589
	 0.71 	 0.69 	 26.96 	 0.406044
	 0.72 	 0.68 	 26.98 	 0.404327
	 0.74 	 0.68 	 27.00 	 0.402435
	 0.75 	 0.67 	 27.02 	 0.400363
	 0.76 	 0.66 	 27.04 	 0.398106
	 0.78 	 0.65 	 27.06 	 0.395661
	 0.79 	 0.64 	 27.08 	 0.393025
	 0.80 	 0.63 	 27.10 	 0.390194
	 0.81 	 0.62 	 27.12 	 0.387166
	 0.83 	 0.61 	 27.14 	 0.383939
	 0.84 	 0.60 	 27.16 	 0.380511
	 0.85 	 0.59 	 27.18 	 0.376882
	 0.86 	 0.58 	 27.20 	 0.373050
	 0.87 	 0.57 	 27.22 	 0.369015
	 0.88 	 0.56 	 27.24 	 0.364778
	 0.90 	 0.55 	 27.26 	 0.360339
	 0.91 	 0.54 	 27.28 	 0.355699
	 0.92 	 0.53 	 27.30 	 0.350859
	 0.93 	 0.52 	 27.32 	 0.345821
	 0.94 	 0.51 	 27.34 	 0.340588
	 0.95 	 0.50 	 27.36 	 0.335162
	 0.96 	 0.49 	 27.38 	 0.329547
	 0.97 	 0.48 	 27.40 	 0.323745
	 0.98 	 0.47 	 27.42 	 0.317762
	 0.99 	 0.46 	 27.44 	 0.311599
	 1.00 	 0.45 	 27.46 	 0.305264
	 1.00 	 0.44 	 27.48 	 0.298760
	 1.01 	 0.43 	 27.50 	 0.292092
	 1.02 	 0.42 	 27.52 	 0.285267
	 1.03 	 0.41 	 27.54 	 0.278289
	 1.04 	 0.39 	 27.56 	 0.271166
	 1.04 	 0.38 	 27.58 	 0.263904
	 1.05 	 0.37 	 27.60 	 0.256510
	 1.06 	 0.36 	 27.62 	 0.248990
	 1.07 	 0.35 	 27.64 	 0.241351
	 1.07 	 0.34 	 27.66 	 0.233603
	 1.08 	 0.33 	 27.68 	 0.225751
	 1.09 	 0.32 	 27.70 	 0.217804
	 1.09 	 0.30 	 27.72 	 0.209770
	 1.10 	 0.29 	 27.74 	 0.201658
	 1.10 	 0.28 	 27.76 	 0.193475
	 1.11 	 0.27 	 27.78 	 0.185231
	 1.11 	 0.26 	 27.80 	 0.176934
	 1.12 	 0.25 	 27.82 	 0.168593
	 1.12 	 0.23 	 27.84 	 0.160217
	 1.13 	 0.22 	 27.86 	 0.151815
	 1.13 	 0.21 	 27.88 	 0.143396
	 1.14 	 0.20 	 27.90 	 0.134970
	 1.14 	 0.19 	 27.92 	 0.126545
	 1.14 	 0.18 	 27.94 	 0.118131
	 1.15 	 0.16 	 27.96 	 0.109737
	 1.15 	 0.15 	 27.98 	 0.101373
	 1.15 	 0.14 	 28.00 	 0.093048
	 1.16 	 0.13 	 28.02 	 0.084770
	 1.16 	 0.12 	 28.04 	 0.076550
	 1.16 	 0.11 	 28.06 	 0.068397
	 1.16 	 0.09 	 28.08 	 0.060319
	 1.16 	 0.08 	 28.10 	 0.052326
	 1.16 	 0.07 	 28.12 	 0.044428
	 1.17 	 0.06 	 28.14 	 0.036632
	 1.17 	 0.05 	 28.16 	 0.028947
	 1.17 	 0.03 	 28.18 	 0.021383
	 1.17 	 0.02 	 28.20 	 0.013948
	 1.17 	 0.01 	 28.22 	 0.006651
	 1.17 	 -0.00 	 28.24 	 -0.000501
	 1.17 	 -0.01 	 28.26 	 -0.007498
	 1.17 	 -0.02 	 28.28 	 -0.014334
	 1.17 	 -0.04 	 28.30 	 -0.021000
	 1.17 	 -0.05 	 28.32 	 -0.027488
	 1.16 	 -0.06 	 28.34 	 -0.033791
	 1.16 	 -0.07 	 28.36 	 -0.039903
	 1.16 	 -0.08 	 28.38 	 -0.045815
	 1.16 	 -0.09 	 28.40 	 -0.051521
	 1.16 	 -0.10 	 28.42 	 -0.057014
	 1.16 	 -0.12 	 28.44 	 -0.062289
	 1.15 	 -0.13 	 28.46 	 -0.067339
	 1.15 	 -0.14 	 28.48 	 -0.072158
	 1.15 	 -0.15 	 28.50 	 -0.076740
	 1.14 	 -0.16 	 28.52 	 -0.081081
	 1.14 	 -0.17 	 28.54 	 -0.085176
	 1.14 	 -0.18 	 28.56 	 -0.089018
	 1.13 	 -0.19 	 28.58 	 -0.092606
	 1.13 	 -0.21 	 28.60 	 -0.095933
	 1.12 	 -0.22 	 28.62 	 -0.098996
	 1.12 	 -0.23 	 28.64 	 -0.101792
	 1.11 	 -0.24 	 28.66 	 -0.104318
	 1.11 	 -0.25 	 28.68 	 -0.106571
	 1.10 	 -0.26 	 28.70 	 -0.108547
	 1.10 	 -0.27 	 28.72 	 -0.110246
	 1.09 	 -0.28 	 28.74 	 -0.111665
	 1.09 	 -0.29 	 28.76 	 -0.112802
	 1.08 	 -0.30 	 28.78 	 -0.113657
	 1.08 	 -0.31 	 28.80 	 -0.114229
	 1.07 	 -0.32 	 28.82 	 -0.114517
	 1.06 	 -0.33 	 28.84 	 -0.114521
	 1.06 	 -0.34 	 28.86 	 -0.114241
	 1.05 	 -0.35 	 28.88 	 -0.113678
	 1.04 	 -0.36 	 28.90 	 -0.112834
	 1.03 	 -0.37 	 28.92 	 -0.111709
	 1.03 	 -0.38 	 28.94 	 -0.110304
	 1.02 	 -0.39 	 28.96 	 -0.108624
	 1.01 	 -0.40 	 28.98 	 -0.106669
	 1.00 	 -0.41 	 29.00 	 -0.104442
	 0.99 	 -0.42 	 29.02 	 -0.101947
	 0.99 	 -0.43 	 29.04 	 -0.099188
	 0.98 	 -0.44 	 29.06 	 -0.096168
	 0.97 	 -0.44 	 29.08 	 -0.092891
	 0.96 	 -0.45 	 29.10 	 -0.089363
	 0.95 	 -0.46 	 29.12 	 -0.085588
	 0.94 	 -0.47 	 29.14 	 -0.081571
	 0.93 	 -0.48 	 29.16 	 -0.077319
	 0.92 	 -0.49 	 29.18 	 -0.072837
	 0.91 	 -0.50 	 29.20 	 -0.068132
	 0.90 	 -0.50 	 29.22 	 -0.063210
	 0.89 	 -0.51 	 29.24 	 -0.058078
	 0.88 	 -0.52 	 29.26 	 -0.052745
	 0.87 	 -0.53 	 29.28 	 -0.047216
	 0.86 	 -0.53 	 29.30 	 -0.041501
	 0.85 	 -0.54 	 29.32 	 -0.035608
	 0.84 	 -0.55 	 29.34 	 -0.029544
	 0.83 	 -0.56 	 29.36 	 -0.023319
	 0.82 	 -0.56 	 29.38 	 -0.016942
	 0.80 	 -0.57 	 29.40 	 -0.010422
	 0.79 	 -0.58 	 29.42 	 -0.003768
	 0.78 	 -0.58 	 29.44 	 0.003009
	 0.77 	 -0.59 	 29.46 	 0.009901
	 0.76 	 -0.60 	 29.48 	 0.016896
	 0.74 	 -0.60 	 29.50 	 0.023985
	 0.73 	 -0.61 	 29.52 	 0.031157
	 0.72 	 -0.62 	 29.54 	 0.038402
	 0.71 	 -0.62 	 29.56 	 0.045709
	 0.69 	 -0.63 	 29.58 	 0.053068
	 0.68 	 -0.63 	 29.60 	 0.060466
	 0.67 	 -0.64 	 29.62 	 0.067894
	 0.66 	 -0.65 	 29.64 	 0.075341
	 0.64 	 -0.65 	 29.66 	 0.082795
	 0.63 	 -0.66 	 29.68 	 0.090245
	 0.62 	 -0.66 	 29.70 	 0.097680
	 0.60 	 -0.67 	 29.72 	 0.105090
	 0.59 	 -0.67 	 29.74 	 0.112462
	 0.58 	 -0.67 	 29.76 	 0.119787
	 0.56 	 -0.68 	 29.78 	 0.127053
	 0.55 	 -0.68 	 29.80 	 0.134249
	 0.54 	 -0.69 	 29.82 	 0.141365
	 0.52 	 -0.69 	 29.84 	 0.148390
	 0.51 	 -0.70 	 29.86 	 0.155313
	 0.49 	 -0.70 	 29.88 	 0.162125
	 0.48 	 -0.70 	 29.90 	 0.168815
	 0.47 	 -0.71 	 29.92 	 0.175374
	 0.45 	 -0.71 	 29.94 	 0.181791
	 0.44 	 -0.71 	 29.96 	 0.188056
	 0.42 	 -0.72 	 29.98 	 0.194162
	 0.41 	 -0.72 	 30.00 	 0.200099
	 0.39 	 -0.72 	 30.02 	 0.205858
	 0.38 	 -0.72 	 30.04 	 0.211430
	 0.37 	 -0.73 	 30.06 	 0.216809
	 0.35 	 -0.73 	 30.08 	 0.221985
	 0.34 	 -0.73 	 30.10 	 0.226952
	 0.32 	 -0.73 	 30.12 	 0.231703
	 0.31 	 -0.73 	 30.14 	 0.236230
	 0.29 	 -0.74 	 30.16 	 0.240528
	 0.28 	 -0.74 	 30.18 	 0.244591
	 0.26 	 -0.74 	 30.20 	 0.248412
	 0.25 	 -0.74 	 30.22 	 0.251988
	 0.23 	 -0.74 	 30.24 	 0.255313
	 0.22 	 -0.74 	 30.26 	 0.258382
	 0.20 	 -0.74 	 30.28 	 0.261193
	 0.19 	 -0.74 	 30.30 	 0.263741
	 0.17 	 -0.74 	 30.32 	 0.266024
	 0.16 	 -0.74 	 30.34 	 0.268040
	 0.14 	 -0.74 	 30.36 	 0.269785
	 0.13 	 -0.74 	 30.38 	 0.271258
	 0.11 	 -0.74 	 30.40 	 0.272459
	 0.10 	 -0.74 	 30.42 	 0.273386
	 0.08 	 -0.74 	 30.44 	 0.274040
	 0.07 	 -0.74 	 30.46 	 0.274420
	 0.06 	 -0.74 	 30.48 	 0.274527
	 0.04 	 -0.74 	 30.50 	 0.274362
	 0.03 	 -0.74 	 30.52 	 0.273926
	 0.01 	 -0.74 	 30.54 	 0.273222
	 -0.00 	 -0.74 	 30.56 	 0.272252
	 -0.02 	 -0.73 	 30.58 	 0.271018
	 -0.03 	 -0.73 	 30.60 	 0.269525
	 -0.05 	 -0.73 	 30.62 	 0.267775
	 -0.06 	 -0.73 	 30.64 	 0.265772
	 -0.08 	 -0.73 	 30.66 	 0.263521
	 -0.09 	 -0.72 	 30.68 	 0.261027
	 -0.11 	 -0.72 	 30.70 	 0.258295
	 -0.12 	 -0.72 	 30.72 	 0.255330
	 -0.13 	 -0.72 	 30.74 	 0.252138
	 -0.15 	 -0.71 	 30.76 	 0.248726
	 -0.16 	 -0.71 	 30.78 	 0.245099
	 -0.18 	 -0.71 	 30.80 	 0.241265
	 -0.19 	 -0.71 	 30.82 	 0.237231
	 -0.21 	 -0.70 	 30.84 	 0.233004
	 -0.22 	 -0.70 	 30.86 	 0.228591
	 -0.23 	 -0.69 	 30.88 	 0.224001
	 -0.25 	 -0.69 	 30.90 	 0.219242
	 -0.26 	 -0.69 	 30.92 	 0.214322
	 -0.27 	 -0.68 	 30.94 	 0.209249
	 -0.29 	 -0.68 	 30.96 	 0.204032
	 -0.30 	 -0.67 	 30.98 	 0.198680
	 -0.32 	 -0.67 	 31.00 	 0.193201
	 -0.33 	 -0.67 	 31.02 	 0.187606
	 -0.34 	 -0.66 	 31.04 	 0.181902
	 -0.35 	 -0.66 	 31.06 	 0.176100
	 -0.37 	 -0.65 	 31.08 	 0.170209
	 -0.38 	 -0.65 	 31.10 	 0.164238
	 -0.39 	 -0.64 	 31.12 	 0.158196
	 -0.41 	 -0.64 	 31.14 	 0.152093
	 -0.42 	 -0.63 	 31.16 	 0.145938
	 -0.43 	 -0.63 	 31.18 	 0.139742
	 -0.44 	 -0.62 	 31.20 	 0.133513
	 -0.46 	 -0.61 	 31.22 	 0.127260
	 -0.47 	 -0.61 	 31.24 	 0.120994
	 -0.48 	 -0.60 	 31.26 	 0.114722
	 -0.49 	 -0.60 	 31.28 	 0.108456
	 -0.50 	 -0.59 	 31.30 	 0.102203
	 -0.52 	 -0.58 	 31.32 	 0.095972
	 -0.53 	 -0.58 	 31.34 	 0.089773
	 -0.54 	 -0.57 	 31.36 	 0.083614
	 -0.55 	 -0.57 	 31.38 	 0.077504
	 -0.56 	 -0.56 	 31.40 	 0.071450
	 -0.57 	 -0.55 	 31.42 	 0.065462
	 -0.58 	 -0.55 	 31.44 	 0.059547
	 -0.59 	 -0.54 	 31.46 	 0.053713
	 -0.60 	 -0.53 	 31.48 	 0.047967
	 -0.62 	 -0.52 	 31.50 	 0.042318
	 -0.63 	 -0.52 	 31.52 	 0.036772
	 -0.64 	 -0.51 	 31.54 	 0.031335
	 -0.65 	 -0.50 	 31.56 	 0.026016
	 -0.66 	 -0.49 	 31.58 	 0.020820
	 -0.67 	 -0.49 	 31.60 	 0.015753
	 -0.67 	 -0.48 	 31.62 	 0.010822
	 -0.68 	 -0.47 	 31.64 	 0.006032
	 -0.69 	 -0.46 	 31.66 	 0.001388
	 -0.70 	 -0.46 	 31.68 	 -0.003104
	 -0.71 	 -0.45 	 31.70 	 -0.007440
	 -0.72 	 -0.44 	 31.72 	 -0.011614
	 -0.73 	 -0.43 	 31.74 	 -0.015624
	 -0.74 	 -0.42 	 31.76 	 -0.019464
	 -0.75 	 -0.42 	 31.78 	 -0.023131
	 -0.75 	 -0.41 	 31.80 	 -0.026622
	 -0.76 	 -0.40 	 31.82 	 -0.029934
	 -0.77 	 -0.39 	 31.84 	 -0.033063
	 -0.78 	 -0.38 	 31.86 	 -0.036007
	 -0.78 	 -0.37 	 31.88 	 -0.038765
	 -0.79 	 -0.37 	 31.90 	 -0.041333
	 -0.80 	 -0.36 	 31.92 	 -0.043710
	 -0.81 	 -0.35 	 31.94 	 -0.045896
	 -0.81 	 -0.34 	 31.96 	 -0.047888
	 -0.82 	 -0.33 	 31.98 	 -0.049686
	 -0.83 	 -0.32 	 32.00 	 -0.051289
	 -0.83 	 -0.31 	 32.02 	 -0.052698
	 -0.84 	 -0.30 	 32.04 	 -0.053911
	 -0.84 	 -0.29 	 32.06 	 -0.054930
	 -0.85 	 -0.29 	 32.08 	 -0.055755
	 -0.86 	 -0.28 	 32.10 	 -0.056387
	 -0.86 	 -0.27 	 32.12 	 -0.056826
	 -0.87 	 -0.26 	 32.14 	 -0.057074
	 -0.87 	 -0.25 	 32.16 	 -0.057133
	 -0.88 	 -0.24 	 32.18 	 -0.057004
	 -0.88 	 -0.23 	 32.20 	 -0.056689
	 -0.88 	 -0.22 	 32.22 	 -0.056190
	 -0.89 	 -0.21 	 32.24 	 -0.055511
	 -0.89 	 -0.20 	 32.26 	 -0.054652
	 -0.90 	 -0.19 	 32.28 	 -0.053619
	 -0.90 	 -0.18 	 32.30 	 -0.052412
	 -0.90 	 -0.17 	 32.32 	 -0.051036
	 -0.91 	 -0.17 	 32.34 	 -0.049495
	 -0.91 	 -0.16 	 32.36 	 -0.047790
	 -0.91 	 -0.15 	 32.38 	 -0.045928
	 -0.92 	 -0.14 	 32.40 	 -0.043910
	 -0.92 	 -0.13 	 32.42 	 -0.041742
	 -0.92 	 -0.12 	 32.44 	 -0.039428
	 -0.92 	 -0.11 	 32.46 	 -0.036972
	 -0.93 	 -0.10 	 32.48 	 -0.034378
	 -0.93 	 -0.09 	 32.50 	 -0.031651
	 -0.93 	 -0.08 	 32.52 	 -0.028796
	 -0.93 	 -0.07 	 32.54 	 -0.025818
	 -0.93 	 -0.06 	 32.56 	 -0.022722
	 -0.93 	 -0.05 	 32.58 	 -0.019512
	 -0.93 	 -0.04 	 32.60 	 -0.016195
	 -0.93 	 -0.03 	 32.62 	 -0.012774
	 -0.93 	 -0.02 	 32.64 	 -0.009256
	 -0.93 	 -0.01 	 32.66 	 -0.005646
	 -0.93 	 -0.00 	 32.68 	 -0.001948
	 -0.93 	 0.00 	 32.70 	 0.001830
	 -0.93 	 0.01 	 32.72 	 0.005685
	 -0.93 	 0.02 	 32.74 	 0.009610
	 -0.93 	 0.03 	 32.76 	 0.013600
	 -0.93 	 0.04 	 32.78 	 0.017649
	 -0.93 	 0.05 	 32.80 	 0.021752
	 -0.93 	 0.06 	 32.82 	 0.025904
	 -0.93 	 0.07 	 32.84 	 0.030098
	 -0.93 	 0.08 	 32.86 	 0.034329
	 -0.93 	 0.09 	 32.88 	 0.038591
	 -0.92 	 0.10 	 32.90 	 0.042880
	 -0.92 	 0.11 	 32.92 	 0.047190
	 -0.92 	 0.11 	 32.94 	 0.051515
	 -0.92 	 0.12 	 32.96 	 0.055849
	 -0.91 	 0.13 	 32.98 	 0.060189
	 -0.91 	 0.14 	 33.00 	 0.064527
	 -0.91 	 0.15 	 33.02 	 0.068861
	 -0.91 	 0.16 	 33.04 	 0.073183
	 -0.90 	 0.17 	 33.06 	 0.077489
	 -0.90 	 0.18 	 33.08 	 0.081775
	 -0.89 	 0.19 	 33.10 	 0.086035
	 -0.89 	 0.19 	 33.12 	 0.090266
	 -0.89 	 0.20 	 33.14 	 0.094461
	 -0.88 	 0.21 	 33.16 	 0.098617
	 -0.88 	 0.22 	 33.18 	 0.102729
	 -0.87 	 0.23 	 33.20 	 0.106794
	 -0.87 	 0.24 	 33.22 	 0.110807
	 -0.86 	 0.24 	 33.24 	 0.114763
	 -0.86 	 0.25 	 33.26 	 0.118661
	 -0.85 	 0.26 	 33.28 	 0.122494
	 -0.85 	 0.27 	 33.30 	 0.126261
	 -0.84 	 0.28 	 33.32 	 0.129957
	 -0.84 	 0.28 	 33.34 	 0.133580
	 -0.83 	 0.29 	 33.36 	 0.137126
	 -0.83 	 0.30 	 33.38 	 0.140593
	 -0.82 	 0.31 	 33.40 	 0.143977
	 -0.81 	 0.31 	 33.42 	 0.147277
	 -0.81 	 0.32 	 33.44 	 0.150489
	 -0.80 	 0.33 	 33.46 	 0.153612
	 -0.79 	 0.34 	 33.48 	 0.156643
	 -0.79 	 0.34 	 33.50 	 0.159581
	 -0.78 	 0.35 	 33.52 	 0.162424
	 -0.77 	 0.36 	 33.54 	 0.165170
	 -0.76 	 0.37 	 33.56 	 0.167818
	 -0.76 	 0.37 	 33.58 	 0.170367
	 -0.75 	 0.38 	 33.60 	 0.172815
	 -0.74 	 0.39 	 33.62 	 0.175163
	 -0.73 	 0.39 	 33.64 	 0.177409
	 -0.73 	 0.40 	 33.66 	 0.179553
	 -0.72 	 0.41 	 33.68 	 0.181594
	 -0.71 	 0.41 	 33.70 	 0.183533
	 -0.70 	 0.42 	 33.72 	 0.185369
	 -0.69 	 0.42 	 33.74 	 0.187103
	 -0.68 	 0.43 	 33.76 	 0.188735
	 -0.68 	 0.44 	 33.78 	 0.190265
	 -0.67 	 0.44 	 33.80 	 0.191695
	 -0.66 	 0.45 	 33.82 	 0.193025
	 -0.65 	 0.45 	 33.84 	 0.194256
	 -0.64 	 0.46 	 33.86 	 0.195389
	 -0.63 	 0.46 	 33.88 	 0.196426
	 -0.62 	 0.47 	 33.90 	 0.197368
	 -0.61 	 0.48 	 33.92 	 0.198217
	 -0.60 	 0.48 	 33.94 	 0.198974
	 -0.59 	 0.49 	 33.96 	 0.199641
	 -0.58 	 0.49 	 33.98 	 0.200220
	 -0.57 	 0.50 	 34.00 	 0.200713
	 -0.56 	 0.50 	 34.02 	 0.201122
	 -0.55 	 0.50 	 34.04 	 0.201450
	 -0.54 	 0.51 	 34.06 	 0.201699
	 -0.53 	 0.51 	 34.08 	 0.201871
	 -0.52 	 0.52 	 34.10 	 0.201968
	 -0.51 	 0.52 	 34.12 	 0.201994
	 -0.50 	 0.53 	 34.14 	 0.201952
	 -0.49 	 0.53 	 34.16 	 0.201842
	 -0.48 	 0.53 	 34.18 	 0.201670
	 -0.47 	 0.54 	 34.20 	 0.201437
	 -0.46 	 0.54 	 34.22 	 0.201145
	 -0.45 	 0.54 	 34.24 	 0.200799
	 -0.44 	 0.55 	 34.26 	 0.200401
	 -0.42 	 0.55 	 34.28 	 0.199954
	 -0.41 	 0.55 	 34.30 	 0.199460
	 -0.40 	 0.56 	 34.32 	 0.198924
	 -0.39 	 0.56 	 34.34 	 0.198346
	 -0.38 	 0.56 	 34.36 	 0.197732
	 -0.37 	 0.57 	 34.38 	 0.197082
	 -0.36 	 0.57 	 34.40 	 0.196401
	 -0.35 	 0.57 	 34.42 	 0.195692
	 -0.33 	 0.57 	 34.44 	 0.194955
	 -0.32 	 0.58 	 34.46 	 0.194196
	 -0.31 	 0.58 	 34.48 	 0.193416
	 -0.30 	 0.58 	 34.50 	 0.192618
	 -0.29 	 0.58 	 34.52 	 0.191804
	 -0.28 	 0.58 	 34.54 	 0.190977
	 -0.26 	 0.58 	 34.56 	 0.190139
	 -0.25 	 0.59 	 34.58 	 0.189294
	 -0.24 	 0.59 	 34.60 	 0.188442
	 -0.23 	 0.59 	 34.62 	 0.187586
	 -0.22 	 0.59 	 34.64 	 0.186728
	 -0.21 	 0.59 	 34.66 	 0.185870
	 -0.19 	 0.59 	 34.68 	 0.185014
	 -0.18 	 0.59 	 34.70 	 0.184162
	 -0.17 	 0.59 	 34.72 	 0.183315
	 -0.16 	 0.59 	 34.74 	 0.182475
	 -0.15 	 0.59 	 34.76 	 0.181642
	 -0.13 	 0.59 	 34.78 	 0.180820
	 -0.12 	 0.59 	 34.80 	 0.180007
	 -0.11 	 0.59 	 34.82 	 0.179207
	 -0.10 	 0.59 	 34.84 	 0.178419
	 -0.09 	 0.59 	 34.86 	 0.177644
	 -0.07 	 0.59 	 34.88 	 0.176883
	 -0.06 	 0.59 	 34.90 	 0.176136
	 -0.05 	 0.59 	 34.92 	 0.175405
	 -0.04 	 0.59 	 34.94 	 0.174688
	 -0.03 	 0.59 	 34.96 	 0.173987
	 -0.02 	 0.59 	 34.98 	 0.173301
	 -0.00 	 0.59 	 35.00 	 0.172630
	 0.01 	 0.59 	 35.02 	 0.171975
	 0.02 	 0.59 	 35.04 	 0.171334
	 0.03 	 0.59 	 35.06 	 0.170708
	 0.04 	 0.58 	 35.08 	 0.170095
	 0.05 	 0.58 	 35.10 	 0.169495
	 0.07 	 0.58 	 35.12 	 0.168908
	 0.08 	 0.58 	 35.14 	 0.168332
	 0.09 	 0.58 	 35.16 	 0.167767
	 0.10 	 0.58 	 35.18 	 0.167211
	 0.11 	 0.57 	 35.20 	 0.166664
	 0.12 	 0.57 	 35.22 	 0.166123
	 0.14 	 0.57 	 35.24 	 0.165589
	 0.15 	 0.57 	 35.26 	 0.165059
	 0.16 	 0.56 	 35.28 	 0.164532
	 0.17 	 0.56 	 35.30 	 0.164006
	 0.18 	 0.56 	 35.32 	 0.163481
	 0.19 	 0.55 	 35.34 	 0.162953
	 0.20 	 0.55 	 35.36 	 0.162423
	 0.21 	 0.55 	 35.38 	 0.161887
	 0.22 	 0.55 	 35.40 	 0.161344
	 0.24 	 0.54 	 35.42 	 0.160793
	 0.25 	 0.54 	 35.44 	 0.160231
	 0.26 	 0.54 	 35.46 	 0.159657
	 0.27 	 0.53 	 35.48 	 0.159069
	 0.28 	 0.53 	 35.50 	 0.158465
	 0.29 	 0.52 	 35.52 	 0.157844
	 0.30 	 0.52 	 35.54 	 0.157203
	 0.31 	 0.52 	 35.56 	 0.156540
	 0.32 	 0.51 	 35.58 	 0.155854
	 0.33 	 0.51 	 35.60 	 0.155143
	 0.34 	 0.50 	 35.62 	 0.154405
	 0.35 	 0.50 	 35.64 	 0.153638
	 0.36 	 0.49 	 35.66 	 0.152842
	 0.37 	 0.49 	 35.68 	 0.152013
	 0.38 	 0.49 	 35.70 	 0.151151
	 0.39 	 0.48 	 35.72 	 0.150254
	 0.40 	 0.48 	 35.74 	 0.149320
	 0.41 	 0.47 	 35.76 	 0.148349
	 0.42 	 0.47 	 35.78 	 0.147338
	 0.43 	 0.46 	 35.80 	 0.146286
	 0.43 	 0.46 	 35.82 	 0.145192
	 0.44 	 0.45 	 35.84 	 0.144056
	 0.45 	 0.44 	 35.86 	 0.142875
	 0.46 	 0.44 	 35.88 	 0.141650
	 0.47 	 0.43 	 35.90 	 0.140378
	 0.48 	 0.43 	 35.92 	 0.139060
	 0.49 	 0.42 	 35.94 	 0.137694
	 0.50 	 0.42 	 35.96 	 0.136280
	 0.50 	 0.41 	 35.98 	 0.134818
	 0.51 	 0.41 	 36.00 	 0.133307
	 0.52 	 0.40 	 36.02 	 0.131746
	 0.53 	 0.39 	 36.04 	 0.130136
	 0.54 	 0.39 	 36.06 	 0.128477
	 0.54 	 0.38 	 36.08 	 0.126768
	 0.55 	 0.38 	 36.10 	 0.125010
	 0.56 	 0.37 	 36.12 	 0.123202
	 0.57 	 0.36 	 36.14 	 0.121346
	 0.57 	 0.36 	 36.16 	 0.119441
	 0.58 	 0.35 	 36.18 	 0.117488
	 0.59 	 0.34 	 36.20 	 0.115488
	 0.59 	 0.34 	 36.22 	 0.113442
	 0.60 	 0.33 	 36.24 	 0.111350
	 0.61 	 0.32 	 36.26 	 0.109213
	 0.61 	 0.32 	 36.28 	 0.107033
	 0.62 	 0.31 	 36.30 	 0.104811
	 0.62 	 0.30 	 36.32 	 0.102547
	 0.63 	 0.30 	 36.34 	 0.100244
	 0.64 	 0.29 	 36.36 	 0.097903
	 0.64 	 0.28 	 36.38 	 0.095524
	 0.65 	 0.28 	 36.40 	 0.093111
	 0.65 	 0.27 	 36.42 	 0.090665
	 0.66 	 0.26 	 36.44 	 0.088187
	 0.66 	 0.25 	 36.46 	 0.085680
	 0.67 	 0.25 	 36.48 	 0.083145
	 0.67 	 0.24 	 36.50 	 0.080584
	 0.68 	 0.23 	 36.52 	 0.078000
	 0.68 	 0.23 	 36.54 	 0.075395
	 0.69 	 0.22 	 36.56 	 0.072772
	 0.69 	 0.21 	 36.58 	 0.070132
	 0.69 	 0.20 	 36.60 	 0.067477
	 0.70 	 0.20 	 36.62 	 0.064811
	 0.70 	 0.19 	 36.64 	 0.062136
	 0.71 	 0.18 	 36.66 	 0.059455
	 0.71 	 0.17 	 36.68 	 0.056769
	 0.71 	 0.17 	 36.70 	 0.054082
	 0.72 	 0.16 	 36.72 	 0.051397
	 0.72 	 0.15 	 36.74 	 0.048716
	 0.72 	 0.14 	 36.76 	 0.046041
	 0.72 	 0.14 	 36.78 	 0.043376
	 0.73 	 0.13 	 36.80 	 0.040724
	 0.73 	 0.12 	 36.82 	 0.038086
	 0.73 	 0.11 	 36.84 	 0.035467
	 0.73 	 0.11 	 36.86 	 0.032868
	 0.74 	 0.10 	 36.88 	 0.030293
	 0.74 	 0.09 	 36.90 	 0.027744
	 0.74 	 0.08 	 36.92 	 0.025225
	 0.74 	 0.08 	 36.94 	 0.022737
	 0.74 	 0.07 	 36.96 	 0.020284
	 0.74 	 0.06 	 36.98 	 0.017868
	 0.74 	 0.05 	 37.00 	 0.015493
	 0.75 	 0.05 	 37.02 	 0.013161
	 0.75 	 0.04 	 37.04 	 0.010874
	 0.75 	 0.03 	 37.06 	 0.008635
	 0.75 	 0.02 	 37.08 	 0.006447
	 0.75 	 0.02 	 37.10 	 0.004313
	 0.75 	 0.01 	 37.12 	 0.002234
	 0.75 	 0.00 	 37.14 	 0.000213
	 0.75 	 -0.01 	 37.16 	 -0.001747
	 0.75 	 -0.01 	 37.18 	 -0.003645
	 0.75 	 -0.02 	 37.20 	 -0.005477
	 0.75 	 -0.03 	 37.22 	 -0.007242
	 0.75 	 -0.04 	 37.24 	 -0.008937
	 0.75 	 -0.04 	 37.26 	 -0.010562
	 0.74 	 -0.05 	 37.28 	 -0.012112
	 0.74 	 -0.06 	 37.30 	 -0.013588
	 0.74 	 -0.07 	 37.32 	 -0.014986
	 0.74 	 -0.07 	 37.34 	 -0.016306
	 0.74 	 -0.08 	 37.36 	 -0.017545
	 0.74 	 -0.09 	 37.38 	 -0.018703
	 0.73 	 -0.09 	 37.40 	 -0.019777
	 0.73 	 -0.10 	 37.42 	 -0.020766
	 0.73 	 -0.11 	 37.44 	 -0.021670
	 0.73 	 -0.12 	 37.46 	 -0.022487
	 0.73 	 -0.12 	 37.48 	 -0.023216
	 0.72 	 -0.13 	 37.50 	 -0.023856
	 0.72 	 -0.14 	 37.52 	 -0.024406
	 0.72 	 -0.14 	 37.54 	 -0.024866
	 0.71 	 -0.15 	 37.56 	 -0.025235
	 0.71 	 -0.16 	 37.58 	 -0.025512
	 0.71 	 -0.16 	 37.60 	 -0.025698
	 0.70 	 -0.17 	 37.62 	 -0.025792
	 0.70 	 -0.18 	 37.64 	 -0.025794
	 0.70 	 -0.18 	 37.66 	 -0.025703
	 0.69 	 -0.19 	 37.68 	 -0.025521
	 0.69 	 -0.20 	 37.70 	 -0.025247
	 0.69 	 -0.20 	 37.72 	 -0.024881
	 0.68 	 -0.21 	 37.74 	 -0.024424
	 0.68 	 -0.22 	 37.76 	 -0.023878
	 0.67 	 -0.22 	 37.78 	 -0.023241
	 0.67 	 -0.23 	 37.80 	 -0.022516
	 0.66 	 -0.24 	 37.82 	 -0.021702
	 0.66 	 -0.24 	 37.84 	 -0.020802
	 0.65 	 -0.25 	 37.86 	 -0.019816
	 0.65 	 -0.25 	 37.88 	 -0.018746
	 0.64 	 -0.26 	 37.90 	 -0.017593
	 0.64 	 -0.27 	 37.92 	 -0.016358
	 0.63 	 -0.27 	 37.94 	 -0.015043
	 0.63 	 -0.28 	 37.96 	 -0.013651
	 0.62 	 -0.28 	 37.98 	 -0.012181
	 0.62 	 -0.29 	 38.00 	 -0.010638
	 0.61 	 -0.29 	 38.02 	 -0.009022
	 0.60 	 -0.30 	 38.04 	 -0.007336
	 0.60 	 -0.31 	 38.06 	 -0.005581
	 0.59 	 -0.31 	 38.08 	 -0.003762
	 0.58 	 -0.32 	 38.10 	 -0.001878
	 0.58 	 -0.32 	 38.12 	 0.000066
	 0.57 	 -0.33 	 38.14 	 0.002068
	 0.57 	 -0.33 	 38.16 	 0.004126
	 0.56 	 -0.34 	 38.18 	 0.006236
	 0.55 	 -0.34 	 38.20 	 0.008397
	 0.54 	 -0.35 	 38.22 	 0.010604
	 0.54 	 -0.35 	 38.24 	 0.012856
	 0.53 	 -0.36 	 38.26 	 0.015149
	 0.52 	 -0.36 	 38.28 	 0.017480
	 0.52 	 -0.37 	 38.30 	 0.019846
	 0.51 	 -0.37 	 38.32 	 0.022244
	 0.50 	 -0.37 	 38.34 	 0.024670
	 0.49 	 -0.38 	 38.36 	 0.027122
	 0.49 	 -0.38 	 38.38 	 0.029595
	 0.48 	 -0.39 	 38.40 	 0.032088
	 0.47 	 -0.39 	 38.42 	 0.034595
	 0.46 	 -0.39 	 38.44 	 0.037115
	 0.45 	 -0.40 	 38.46 	 0.039643
	 0.45 	 -0.40 	 38.48 	 0.042176
	 0.44 	 -0.41 	 38.50 	 0.044711
	 0.43 	 -0.41 	 38.52 	 0.047244
	 0.42 	 -0.41 	 38.54 	 0.049773
	 0.41 	 -0.42 	 38.56 	 0.052292
	 0.41 	 -0.42 	 38.58 	 0.054800
	 0.40 	 -0.42 	 38.60 	 0.057293
	 0.39 	 -0.43 	 38.62 	 0.059767
	 0.38 	 -0.43 	 38.64 	 0.062219
	 0.37 	 -0.43 	 38.66 	 0.064646
	 0.36 	 -0.43 	 38.68 	 0.067045
	 0.35 	 -0.44 	 38.70 	 0.069412
	 0.34 	 -0.44 	 38.72 	 0.071744
	 0.34 	 -0.44 	 38.74 	 0.074038
	 0.33 	 -0.44 	 38.76 	 0.076292
	 0.32 	 -0.45 	 38.78 	 0.078501
	 0.31 	 -0.45 	 38.80 	 0.080664
	 0.30 	 -0.45 	 38.82 	 0.082776
	 0.29 	 -0.45 	 38.84 	 0.084837
	 0.28 	 -0.46 	 38.86 	 0.086842
	 0.27 	 -0.46 	 38.88 	 0.088789
	 0.26 	 -0.46 	 38.90 	 0.090676
	 0.25 	 -0.46 	 38.92 	 0.092501
	 0.25 	 -0.46 	 38.94 	 0.094260
	 0.24 	 -0.46 	 38.96 	 0.095952
	 0.23 	 -0.47 	 38.98 	 0.097574
	 0.22 	 -0.47 	 39.00 	 0.099125
	 0.21 	 -0.47 	 39.02 	 0.100603
	 0.20 	 -0.47 	 39.04 	 0.102005
	 0.19 	 -0.47 	 39.06 	 0.103330
	 0.18 	 -0.47 	 39.08 	 0.104576
	 0.17 	 -0.47 	 39.10 	 0.105742
	 0.16 	 -0.47 	 39.12 	 0.106827
	 0.15 	 -0.47 	 39.14 	 0.107830
	 0.14 	 -0.47 	 39.16 	 0.108748
	 0.13 	 -0.47 	 39.18 	 0.109581
	 0.12 	 -0.48 	 39.20 	 0.110329
	 0.11 	 -0.48 	 39.22 	 0.110990
	 0.10 	 -0.48 	 39.24 	 0.111565
	 0.09 	 -0.48 	 39.26 	 0.112051
	 0.08 	 -0.48 	 39.28 	 0.112450
	 0.08 	 -0.48 	 39.30 	 0.112760
	 0.07 	 -0.48 	 39.32 	 0.112983
	 0.06 	 -0.48 	 39.34 	 0.113116
	 0.05 	 -0.47 	 39.36 	 0.113162
	 0.04 	 -0.47 	 39.38 	 0.113120
	 0.03 	 -0.47 	 39.40 	 0.112990
	 0.02 	 -0.47 	 39.42 	 0.112773
	 0.01 	 -0.47 	 39.44 	 0.112469
	 -0.00 	 -0.47 	 39.46 	 0.112080
	 -0.01 	 -0.47 	 39.48 	 0.111606
	 -0.02 	 -0.47 	 39.50 	 0.111049
	 -0.03 	 -0.47 	 39.52 	 0.110408
	 -0.04 	 -0.47 	 39.54 	 0.109686
	 -0.05 	 -0.47 	 39.56 	 0.108884
	 -0.06 	 -0.46 	 39.58 	 0.108003
	 -0.07 	 -0.46 	 39.60 	 0.107045
	 -0.08 	 -0.46 	 39.62 	 0.106011
	 -0.08 	 -0.46 	 39.64 	 0.104903
	 -0.09 	 -0.46 	 39.66 	 0.103723
	 -0.10 	 -0.46 	 39.68 	 0.102472
	 -0.11 	 -0.45 	 39.70 	 0.101154
	 -0.12 	 -0.45 	 39.72 	 0.099769
	 -0.13 	 -0.45 	 39.74 	 0.098321
	 -0.14 	 -0.45 	 39.76 	 0.096810
	 -0.15 	 -0.45 	 39.78 	 0.095241
	 -0.16 	 -0.44 	 39.80 	 0.093614
	 -0.17 	 -0.44 	 39.82 	 0.091932
	 -0.17 	 -0.44 	 39.84 	 0.090199
	 -0.18 	 -0.44 	 39.86 	 0.088416
	 -0.19 	 -0.43 	 39.88 	 0.086585
	 -0.20 	 -0.43 	 39.90 	 0.084711
	 -0.21 	 -0.43 	 39.92 	 0.082795
	 -0.22 	 -0.42 	 39.94 	 0.080840
	 -0.23 	 -0.42 	 39.96 	 0.078849
	 -0.23 	 -0.42 	 39.98 	 0.076825
	 -0.24 	 -0.41 	 40.00 	 0.074770
	 -0.25 	 -0.41 	 40.02 	 0.072687
	 -0.26 	 -0.41 	 40.04 	 0.070580
	 -0.27 	 -0.40 	 40.06 	 0.068451
	 -0.27 	 -0.40 	 40.08 	 0.066303
	 -0.28 	 -0.40 	 40.10 	 0.064138
	 -0.29 	 -0.39 	 40.12 	 0.061961
	 -0.30 	 -0.39 	 40.14 	 0.059773
	 -0.31 	 -0.39 	 40.16 	 0.057577
	 -0.31 	 -0.38 	 40.18 	 0.055376
	 -0.32 	 -0.38 	 40.20 	 0.053174
	 -0.33 	 -0.38 	 40.22 	 0.050973
	 -0.34 	 -0.37 	 40.24 	 0.048775
	 -0.34 	 -0.37 	 40.26 	 0.046584
	 -0.35 	 -0.36 	 40.28 	 0.044402
	 -0.36 	 -0.36 	 40.30 	 0.042232
	 -0.37 	 -0.35 	 40.32 	 0.040076
	 -0.37 	 -0.35 	 40.34 	 0.037937
	 -0.38 	 -0.35 	 40.36 	 0.035819
	 -0.39 	 -0.34 	 40.38 	 0.033722
	 -0.39 	 -0.34 	 40.40 	 0.031649
	 -0.40 	 -0.33 	 40.42 	 0.029604
	 -0.41 	 -0.33 	 40.44 	 0.027588
	 -0.41 	 -0.32 	 40.46 	 0.025604
	 -0.42 	 -0.32 	 40.48 	 0.023653
	 -0.42 	 -0.31 	 40.50 	 0.021738
	 -0.43 	 -0.31 	 40.52 	 0.019862
	 -0.44 	 -0.30 	 40.54 	 0.018025
	 -0.44 	 -0.30 	 40.56 	 0.016230
	 -0.45 	 -0.29 	 40.58 	 0.014479
	 -0.45 	 -0.29 	 40.60 	 0.012773
	 -0.46 	 -0.28 	 40.62 	 0.011114
	 -0.47 	 -0.28 	 40.64 	 0.009504
	 -0.47 	 -0.27 	 40.66 	 0.007945
	 -0.48 	 -0.27 	 40.68 	 0.006437
	 -0.48 	 -0.26 	 40.70 	 0.004982
	 -0.49 	 -0.26 	 40.72 	 0.003582
	 -0.49 	 -0.25 	 40.74 	 0.002237
	 -0.50 	 -0.25 	 40.76 	 0.000949
	 -0.50 	 -0.24 	 40.78 	 -0.000281
	 -0.51 	 -0.23 	 40.80 	 -0.001453
	 -0.51 	 -0.23 	 40.82 	 -0.002565
	 -0.52 	 -0.22 	 40.84 	 -0.003617
	 -0.52 	 -0.22 	 40.86 	 -0.004608
	 -0.52 	 -0.21 	 40.88 	 -0.005538
	 -0.53 	 -0.21 	 40.90 	 -0.006405
	 -0.53 	 -0.20 	 40.92 	 -0.007211
	 -0.54 	 -0.20 	 40.94 	 -0.007953
	 -0.54 	 -0.19 	 40.96 	 -0.008633
	 -0.54 	 -0.18 	 40.98 	 -0.009250
	 -0.55 	 -0.18 	 41.00 	 -0.009803
	 -0.55 	 -0.17 	 41.02 	 -0.010293
	 -0.55 	 -0.17 	 41.04 	 -0.010720
	 -0.56 	 -0.16 	 41.06 	 -0.011085
	 -0.56 	 -0.15 	 41.08 	 -0.011386
	 -0.56 	 -0.15 	 41.10 	 -0.011626
	 -0.57 	 -0.14 	 41.12 	 -0.011803
	 -0.57 	 -0.14 	 41.14 	 -0.011919
	 -0.57 	 -0.13 	 41.16 	 -0.011974
	 -0.57 	 -0.12 	 41.18 	 -0.011969
	 -0.58 	 -0.12 	 41.20 	 -0.011904
	 -0.58 	 -0.11 	 41.22 	 -0.011780
	 -0.58 	 -0.11 	 41.24 	 -0.011599
	 -0.58 	 -0.10 	 41.26 	 -0.011360
	 -0.58 	 -0.09 	 41.28 	 -0.011065
	 -0.59 	 -0.09 	 41.30 	 -0.010715
	 -0.59 	 -0.08 	 41.32 	 -0.010311
	 -0.59 	 -0.08 	 41.34 	 -0.009854
	 -0.59 	 -0.07 	 41.36 	 -0.009345
	 -0.59 	 -0.06 	 41.38 	 -0.008786
	 -0.59 	 -0.06 	 41.40 	 -0.008177
	 -0.59 	 -0.05 	 41.42 	 -0.007521
	 -0.60 	 -0.05 	 41.44 	 -0.006817
	 -0.60 	 -0.04 	 41.46 	 -0.006068
	 -0.60 	 -0.03 	 41.48 	 -0.005276
	 -0.60 	 -0.03 	 41.50 	 -0.004441
	 -0.60 	 -0.02 	 41.52 	 -0.003565
	 -0.60 	 -0.02 	 41.54 	 -0.002650
	 -0.60 	 -0.01 	 41.56 	 -0.001698
	 -0.60 	 -0.00 	 41.58 	 -0.000709
	 -0.60 	 0.00 	 41.60 	 0.000315
	 -0.60 	 0.01 	 41.62 	 0.001371
	 -0.60 	 0.01 	 41.64 	 0.002459
	 -0.60 	 0.02 	 41.66 	 0.003576
	 -0.60 	 0.03 	 41.68 	 0.004722
	 -0.60 	 0.03 	 41.70 	 0.005893
	 -0.60 	 0.04 	 41.72 	 0.007090
	 -0.60 	 0.04 	 41.74 	 0.008309
	 -0.59 	 0.05 	 41.76 	 0.009549
	 -0.59 	 0.06 	 41.78 	 0.010809
	 -0.59 	 0.06 	 41.80 	 0.012087
	 -0.59 	 0.07 	 41.82 	 0.013381
	 -0.59 	 0.07 	 41.84 	 0.014690
	 -0.59 	 0.08 	 41.86 	 0.016011
	 -0.59 	 0.08 	 41.88 	 0.017343
	 -0.58 	 0.09 	 41.90 	 0.018685
	 -0.58 	 0.10 	 41.92 	 0.020035
	 -0.58 	 0.10 	 41.94 	 0.021391
	 -0.58 	 0.11 	 41.96 	 0.022752
	 -0.58 	 0.11 	 41.98 	 0.024116
	 -0.57 	 0.12 	 42.00 	 0.025481
	 -0.57 	 0.12 	 42.02 	 0.026846
	 -0.57 	 0.13 	 42.04 	 0.028210
	 -0.57 	 0.13 	 42.06 	 0.029571
	 -0.56 	 0.14 	 42.08 	 0.030928
	 -0.56 	 0.14 	 42.10 	 0.032279
	 -0.56 	 0.15 	 42.12 	 0.033623
	 -0.55 	 0.16 	 42.14 	 0.034959
	 -0.55 	 0.16 	 42.16 	 0.036285
	 -0.55 	 0.17 	 42.18 	 0.037599
	 -0.54 	 0.17 	 42.20 	 0.038902
	 -0.54 	 0.18 	 42.22 	 0.040192
	 -0.54 	 0.18 	 42.24 	 0.041466
	 -0.53 	 0.19 	 42.26 	 0.042726
	 -0.53 	 0.19 	 42.28 	 0.043969
	 -0.53 	 0.20 	 42.30 	 0.045194
	 -0.52 	 0.20 	 42.32 	 0.046400
	 -0.52 	 0.21 	 42.34 	 0.047588
	 -0.51 	 0.21 	 42.36 	 0.048754
	 -0.51 	 0.22 	 42.38 	 0.049900
	 -0.50 	 0.22 	 42.40 	 0.051024
	 -0.50 	 0.22 	 42.42 	 0.052125
	 -0.50 	 0.23 	 42.44 	 0.053203
	 -0.49 	 0.23 	 42.46 	 0.054257
	 -0.49 	 0.24 	 42.48 	 0.055287
	 -0.48 	 0.24 	 42.50 	 0.056291
	 -0.48 	 0.25 	 42.52 	 0.057270
	 -0.47 	 0.25 	 42.54 	 0.058223
	 -0.47 	 0.25 	 42.56 	 0.059150
	 -0.46 	 0.26 	 42.58 	 0.060050
	 -0.46 	 0.26 	 42.60 	 0.060923
	 -0.45 	 0.27 	 42.62 	 0.061769
	 -0.44 	 0.27 	 42.64 	 0.062587
	 -0.44 	 0.28 	 42.66 	 0.063378
	 -0.43 	 0.28 	 42.68 	 0.064141
	 -0.43 	 0.28 	 42.70 	 0.064877
	 -0.42 	 0.29 	 42.72 	 0.065584
	 -0.42 	 0.29 	 42.74 	 0.066264
	 -0.41 	 0.29 	 42.76 	 0.066916
	 -0.40 	 0.30 	 42.78 	 0.067540
	 -0.40 	 0.30 	 42.80 	 0.068137
	 -0.39 	 0.30 	 42.82 	 0.068707
	 -0.39 	 0.31 	 42.84 	 0.069249
	 -0.38 	 0.31 	 42.86 	 0.069764
	 -0.37 	 0.31 	 42.88 	 0.070253
	 -0.37 	 0.32 	 42.90 	 0.070715
	 -0.36 	 0.32 	 42.92 	 0.071151
	 -0.35 	 0.32 	 42.94 	 0.071561
	 -0.35 	 0.33 	 42.96 	 0.071946
	 -0.34 	 0.33 	 42.98 	 0.072306
	 -0.33 	 0.33 	 43.00 	 0.072641
	 -0.33 	 0.33 	 43.02 	 0.072953
	 -0.32 	 0.34 	 43.04 	 0.073240
	 -0.31 	 0.34 	 43.06 	 0.073504
	 -0.31 	 0.34 	 43.08 	 0.073746
	 -0.30 	 0.34 	 43.10 	 0.073966
	 -0.29 	 0.35 	 43.12 	 0.074164
	 -0.29 	 0.35 	 43.14 	 0.074340
	 -0.28 	 0.35 	 43.16 	 0.074496
	 -0.27 	 0.35 	 43.18 	 0.074633
	 -0.27 	 0.35 	 43.20 	 0.074749
	 -0.26 	 0.36 	 43.22 	 0.074847
	 -0.25 	 0.36 	 43.24 	 0.074927
	 -0.24 	 0.36 	 43.26 	 0.074988
	 -0.24 	 0.36 	 43.28 	 0.075033
	 -0.23 	 0.36 	 43.30 	 0.075061
	 -0.22 	 0.37 	 43.32 	 0.075073
	 -0.22 	 0.37 	 43.34 	 0.075069
	 -0.21 	 0.37 	 43.36 	 0.075051
	 -0.20 	 0.37 	 43.38 	 0.075018
	 -0.19 	 0.37 	 43.40 	 0.074971
	 -0.19 	 0.37 	 43.42 	 0.074911
	 -0.18 	 0.37 	 43.44 	 0.074838
	 -0.17 	 0.37 	 43.46 	 0.074753
	 -0.16 	 0.38 	 43.48 	 0.074656
	 -0.16 	 0.38 	 43.50 	 0.074548
	 -0.15 	 0.38 	 43.52 	 0.074429
	 -0.14 	 0.38 	 43.54 	 0.074299
	 -0.13 	 0.38 	 43.56 	 0.074160
	 -0.13 	 0.38 	 43.58 	 0.074011
	 -0.12 	 0.38 	 43.60 	 0.073852
	 -0.11 	 0.38 	 43.62 	 0.073685
	 -0.10 	 0.38 	 43.64 	 0.073510
	 -0.09 	 0.38 	 43.66 	 0.073326
	 -0.09 	 0.38 	 43.68 	 0.073135
	 -0.08 	 0.38 	 43.70 	 0.072936
	 -0.07 	 0.38 	 43.72 	 0.072729
	 -0.06 	 0.38 	 43.74 	 0.072516
	 -0.06 	 0.38 	 43.76 	 0.072296
	 -0.05 	 0.38 	 43.78 	 0.072069
	 -0.04 	 0.38 	 43.80 	 0.071836
	 -0.03 	 0.38 	 43.82 	 0.071597
	 -0.03 	 0.38 	 43.84 	 0.071351
	 -0.02 	 0.38 	 43.86 	 0.071100
	 -0.01 	 0.38 	 43.88 	 0.070842
	 -0.00 	 0.38 	 43.90 	 0.070579
	 0.00 	 0.38 	 43.92 	 0.070309
	 0.01 	 0.38 	 43.94 	 0.070034
	 0.02 	 0.38 	 43.96 	 0.069753
	 0.03 	 0.37 	 43.98 	 0.069466
	 0.03 	 0.37 	 44.00 	 0.069173
	 0.04 	 0.37 	 44.02 	 0.068874
	 0.05 	 0.37 	 44.04 	 0.068570
	 0.06 	 0.37 	 44.06 	 0.068259
	 0.06 	 0.37 	 44.08 	 0.067941
	 0.07 	 0.37 	 44.10 	 0.067618
	 0.08 	 0.37 	 44.12 	 0.067287
	 0.09 	 0.36 	 44.14 	 0.066950
	 0.09 	 0.36 	 44.16 	 0.066607
	 0.10 	 0.36 	 44.18 	 0.066256
	 0.11 	 0.36 	 44.20 	 0.065898
	 0.11 	 0.36 	 44.22 	 0.065532
	 0.12 	 0.36 	 44.24 	 0.065159
	 0.13 	 0.35 	 44.26 	 0.064778
	 0.14 	 0.35 	 44.28 	 0.064388
	 0.14 	 0.35 	 44.30 	 0.063991
	 0.15 	 0.35 	 44.32 	 0.063584
	 0.16 	 0.35 	 44.34 	 0.063169
	 0.16 	 0.34 	 44.36 	 0.062745
	 0.17 	 0.34 	 44.38 	 0.062312
	 0.18 	 0.34 	 44.40 	 0.061869
	 0.18 	 0.34 	 44.42 	 0.061416
	 0.19 	 0.33 	 44.44 	 0.060953
	 0.20 	 0.33 	 44.46 	 0.060480
	 0.20 	 0.33 	 44.48 	 0.059996
	 0.21 	 0.33 	 44.50 	 0.059502
	 0.22 	 0.32 	 44.52 	 0.058997
	 0.22 	 0.32 	 44.54 	 0.058480
	 0.23 	 0.32 	 44.56 	 0.057953
	 0.24 	 0.31 	 44.58 	 0.057413
	 0.24 	 0.31 	 44.60 	 0.056862
	 0.25 	 0.31 	 44.62 	 0.056300
	 0.25 	 0.31 	 44.64 	 0.055725
	 0.26 	 0.30 	 44.66 	 0.055138
	 0.27 	 0.30 	 44.68 	 0.054539
	 0.27 	 0.30 	 44.70 	 0.053928
	 0.28 	 0.29 	 44.72 	 0.053305
	 0.28 	 0.29 	 44.74 	 0.052668
	 0.29 	 0.29 	 44.76 	 0.052020
	 0.29 	 0.28 	 44.78 	 0.051359
	 0.30 	 0.28 	 44.80 	 0.050686
	 0.31 	 0.27 	 44.82 	 0.050000
	 0.31 	 0.27 	 44.84 	 0.049302
	 0.32 	 0.27 	 44.86 	 0.048591
	 0.32 	 0.26 	 44.88 	 0.047868
	 0.33 	 0.26 	 44.90 	 0.047134
	 0.33 	 0.26 	 44.92 	 0.046387
	 0.34 	 0.25 	 44.94 	 0.045629
	 0.34 	 0.25 	 44.96 	 0.044859
	 0.35 	 0.24 	 44.98 	 0.044077
	 0.35 	 0.24 	 45.00 	 0.043285
	 0.36 	 0.24 	 45.02 	 0.042481
	 0.36 	 0.23 	 45.04 	 0.041668
	 0.37 	 0.23 	 45.06 	 0.040844
	 0.37 	 0.22 	 45.08 	 0.040010
	 0.37 	 0.22 	 45.10 	 0.039166
	 0.38 	 0.22 	 45.12 	 0.038314
	 0.38 	 0.21 	 45.14 	 0.037453
	 0.39 	 0.21 	 45.16 	 0.036583
	 0.39 	 0.20 	 45.18 	 0.035706
	 0.40 	 0.20 	 45.20 	 0.034822
	 0.40 	 0.19 	 45.22 	 0.033931
	 0.40 	 0.19 	 45.24 	 0.033034
	 0.41 	 0.19 	 45.26 	 0.032131
	 0.41 	 0.18 	 45.28 	 0.031223
	 0.41 	 0.18 	 45.30 	 0.030310
	 0.42 	 0.17 	 45.32 	 0.029394
	 0.42 	 0.17 	 45.34 	 0.028475
	 0.42 	 0.16 	 45.36 	 0.027553
	 0.43 	 0.16 	 45.38 	 0.026629
	 0.43 	 0.15 	 45.40 	 0.025704
	 0.43 	 0.15 	 45.42 	 0.024778
	 0.44 	 0.15 	 45.44 	 0.023853
	 0.44 	 0.14 	 45.46 	 0.022929
	 0.44 	 0.14 	 45.48 	 0.022007
	 0.44 	 0.13 	 45.50 	 0.021087
	 0.45 	 0.13 	 45.52 	 0.020171
	 0.45 	 0.12 	 45.54 	 0.019258
	 0.45 	 0.12 	 45.56 	 0.018351
	 0.45 	 0.11 	 45.58 	 0.017449
	 0.46 	 0.11 	 45.60 	 0.016554
	 0.46 	 0.10 	 45.62 	 0.015666
	 0.46 	 0.10 	 45.64 	 0.014786
	 0.46 	 0.09 	 45.66 	 0.013916
	 0.46 	 0.09 	 45.68 	 0.013055
	 0.47 	 0.08 	 45.70 	 0.012205
	 0.47 	 0.08 	 45.72 	 0.011366
	 0.47 	 0.07 	 45.74 	 0.010539
	 0.47 	 0.07 	 45.76 	 0.009726
	 0.47 	 0.06 	 45.78 	 0.008927
	 0.47 	 0.06 	 45.80 	 0.008142
	 0.47 	 0.05 	 45.82 	 0.007372
	 0.47 	 0.05 	 45.84 	 0.006619
	 0.48 	 0.04 	 45.86 	 0.005884
	 0.48 	 0.04 	 45.88 	 0.005166
	 0.48 	 0.04 	 45.90 	 0.004466
	 0.48 	 0.03 	 45.92 	 0.003786
	 0.48 	 0.03 	 45.94 	 0.003126
	 0.48 	 0.02 	 45.96 	 0.002487
	 0.48 	 0.02 	 45.98 	 0.001869
	 0.48 	 0.01 	 46.00 	 0.001274
	 0.48 	 0.01 	 46.02 	 0.000701
	 0.48 	 0.00 	 46.04 	 0.000152
	 0.48 	 -0.00 	 46.06 	 -0.000373
	 0.48 	 -0.01 	 46.08 	 -0.000873
	 0.48 	 -0.01 	 46.10 	 -0.001348
	 0.48 	 -0.02 	 46.12 	 -0.001798
	 0.48 	 -0.02 	 46.14 	 -0.002221
	 0.48 	 -0.03 	 46.16 	 -0.002617
	 0.48 	 -0.03 	 46.18 	 -0.002986
	 0.48 	 -0.04 	 46.20 	 -0.003327
	 0.48 	 -0.04 	 46.22 	 -0.003640
	 0.47 	 -0.05 	 46.24 	 -0.003924
	 0.47 	 -0.05 	 46.26 	 -0.004180
	 0.47 	 -0.06 	 46.28 	 -0.004406
	 0.47 	 -0.06 	 46.30 	 -0.004603
	 0.47 	 -0.06 	 46.32 	 -0.004770
	 0.47 	 -0.07 	 46.34 	 -0.004907
	 0.47 	 -0.07 	 46.36 	 -0.005014
	 0.47 	 -0.08 	 46.38 	 -0.005090
	 0.46 	 -0.08 	 46.40 	 -0.005137
	 0.46 	 -0.09 	 46.42 	 -0.005152
	 0.46 	 -0.09 	 46.44 	 -0.005138
	 0.46 	 -0.10 	 46.46 	 -0.005092
	 0.46 	 -0.10 	 46.48 	 -0.005016
	 0.45 	 -0.10 	 46.50 	 -0.004910
	 0.45 	 -0.11 	 46.52 	 -0.004773
	 0.45 	 -0.11 	 46.54 	 -0.004606
	 0.45 	 -0.12 	 46.56 	 -0.004409
	 0.44 	 -0.12 	 46.58 	 -0.004182
	 0.44 	 -0.13 	 46.60 	 -0.003925
	 0.44 	 -0.13 	 46.62 	 -0.003639
	 0.44 	 -0.13 	 46.64 	 -0.003324
	 0.43 	 -0.14 	 46.66 	 -0.002980
	 0.43 	 -0.14 	 46.68 	 -0.002607
	 0.43 	 -0.15 	 46.70 	 -0.002207
	 0.43 	 -0.15 	 46.72 	 -0.001780
	 0.42 	 -0.15 	 46.74 	 -0.001325
	 0.42 	 -0.16 	 46.76 	 -0.000844
	 0.42 	 -0.16 	 46.78 	 -0.000337
	 0.41 	 -0.17 	 46.80 	 0.000195
	 0.41 	 -0.17 	 46.82 	 0.000752
	 0.41 	 -0.17 	 46.84 	 0.001333
	 0.40 	 -0.18 	 46.86 	 0.001937
	 0.40 	 -0.18 	 46.88 	 0.002564
	 0.39 	 -0.18 	 46.90 	 0.003213
	 0.39 	 -0.19 	 46.92 	 0.003883
	 0.39 	 -0.19 	 46.94 	 0.004574
	 0.38 	 -0.20 	 46.96 	 0.005283
	 0.38 	 -0.20 	 46.98 	 0.006012
	 0.38 	 -0.20 	 47.00 	 0.006759
	 0.37 	 -0.21 	 47.02 	 0.007522
	 0.37 	 -0.21 	 47.04 	 0.008301
	 0.36 	 -0.21 	 47.06 	 0.009096
	 0.36 	 -0.22 	 47.08 	 0.009904
	 0.35 	 -0.22 	 47.10 	 0.010726
	 0.35 	 -0.22 	 47.12 	 0.011560
	 0.35 	 -0.22 	 47.14 	 0.012405
	 0.34 	 -0.23 	 47.16 	 0.013260
	 0.34 	 -0.23 	 47.18 	 0.014124
	 0.33 	 -0.23 	 47.20 	 0.014997
	 0.33 	 -0.24 	 47.22 	 0.015876
	 0.32 	 -0.24 	 47.24 	 0.016761
	 0.32 	 -0.24 	 47.26 	 0.017651
	 0.31 	 -0.24 	 47.28 	 0.018545
	 0.31 	 -0.25 	 47.30 	 0.019441
	 0.30 	 -0.25 	 47.32 	 0.020339
	 0.30 	 -0.25 	 47.34 	 0.021238
	 0.29 	 -0.25 	 47.36 	 0.022136
	 0.29 	 -0.26 	 47.38 	 0.023032
	 0.28 	 -0.26 	 47.40 	 0.023926
	 0.28 	 -0.26 	 47.42 	 0.024815
	 0.27 	 -0.26 	 47.44 	 0.025700
	 0.27 	 -0.27 	 47.46 	 0.026579
	 0.26 	 -0.27 	 47.48 	 0.027451
	 0.26 	 -0.27 	 47.50 	 0.028314
	 0.25 	 -0.27 	 47.52 	 0.029169
	 0.24 	 -0.27 	 47.54 	 0.030013
	 0.24 	 -0.28 	 47.56 	 0.030846
	 0.23 	 -0.28 	 47.58 	 0.031666
	 0.23 	 -0.28 	 47.60 	 0.032474
	 0.22 	 -0.28 	 47.62 	 0.033267
	 0.22 	 -0.28 	 47.64 	 0.034045
	 0.21 	 -0.28 	 47.66 	 0.034807
	 0.20 	 -0.29 	 47.68 	 0.035553
	 0.20 	 -0.29 	 47.70 	 0.036280
	 0.19 	 -0.29 	 47.72 	 0.036988
	 0.19 	 -0.29 	 47.74 	 0.037678
	 0.18 	 -0.29 	 47.76 	 0.038346
	 0.18 	 -0.29 	 47.78 	 0.038994
	 0.17 	 -0.29 	 47.80 	 0.039619
	 0.16 	 -0.30 	 47.82 	 0.040222
	 0.16 	 -0.30 	 47.84 	 0.040802
	 0.15 	 -0.30 	 47.86 	 0.041358
	 0.15 	 -0.30 	 47.88 	 0.041889
	 0.14 	 -0.30 	 47.90 	 0.042394
	 0.13 	 -0.30 	 47.92 	 0.042874
	 0.13 	 -0.30 	 47.94 	 0.043328
	 0.12 	 -0.30 	 47.96 	 0.043755
	 0.12 	 -0.30 	 47.98 	 0.044155
	 0.11 	 -0.30 	 48.00 	 0.044526
	 0.10 	 -0.30 	 48.02 	 0.044870
	 0.10 	 -0.30 	 48.04 	 0.045186
	 0.09 	 -0.30 	 48.06 	 0.045472
	 0.09 	 -0.30 	 48.08 	 0.045730
	 0.08 	 -0.30 	 48.10 	 0.045958
	 0.07 	 -0.30 	 48.12 	 0.046156
	 0.07 	 -0.30 	 48.14 	 0.046325
	 0.06 	 -0.30 	 48.16 	 0.046465
	 0.06 	 -0.30 	 48.18 	 0.046574
	 0.05 	 -0.30 	 48.20 	 0.046653
	 0.04 	 -0.30 	 48.22 	 0.046703
	 0.04 	 -0.30 	 48.24 	 0.046722
	 0.03 	 -0.30 	 48.26 	 0.046712
	 0.02 	 -0.30 	 48.28 	 0.046672
	 0.02 	 -0.30 	 48.30 	 0.046602
	 0.01 	 -0.30 	 48.32 	 0.046503
	 0.01 	 -0.30 	 48.34 	 0.046375
	 0.00 	 -0.30 	 48.36 	 0.046217
	 -0.01 	 -0.30 	 48.38 	 0.046031
	 -0.01 	 -0.30 	 48.40 	 0.045817
	 -0.02 	 -0.30 	 48.42 	 0.045574
	 -0.02 	 -0.30 	 48.44 	 0.045304
	 -0.03 	 -0.30 	 48.46 	 0.045006
	 -0.04 	 -0.30 	 48.48 	 0.044682
	 -0.04 	 -0.30 	 48.50 	 0.044331
	 -0.05 	 -0.30 	 48.52 	 0.043955
	 -0.05 	 -0.29 	 48.54 	 0.043553
	 -0.06 	 -0.29 	 48.56 	 0.043126
	 -0.06 	 -0.29 	 48.58 	 0.042676
	 -0.07 	 -0.29 	 48.60 	 0.042202
	 -0.08 	 -0.29 	 48.62 	 0.041705
	 -0.08 	 -0.29 	 48.64 	 0.041186
	 -0.09 	 -0.29 	 48.66 	 0.040646
	 -0.09 	 -0.29 	 48.68 	 0.040084
	 -0.10 	 -0.28 	 48.70 	 0.039503
	 -0.10 	 -0.28 	 48.72 	 0.038903
	 -0.11 	 -0.28 	 48.74 	 0.038284
	 -0.12 	 -0.28 	 48.76 	 0.037647
	 -0.12 	 -0.28 	 48.78 	 0.036994
	 -0.13 	 -0.28 	 48.80 	 0.036325
	 -0.13 	 -0.27 	 48.82 	 0.035640
	 -0.14 	 -0.27 	 48.84 	 0.034941
	 -0.14 	 -0.27 	 48.86 	 0.034229
	 -0.15 	 -0.27 	 48.88 	 0.033504
	 -0.15 	 -0.27 	 48.90 	 0.032768
	 -0.16 	 -0.26 	 48.92 	 0.032021
	 -0.16 	 -0.26 	 48.94 	 0.031264
	 -0.17 	 -0.26 	 48.96 	 0.030498
	 -0.18 	 -0.26 	 48.98 	 0.029724
	 -0.18 	 -0.26 	 49.00 	 0.028943
	 -0.19 	 -0.25 	 49.02 	 0.028156
	 -0.19 	 -0.25 	 49.04 	 0.027364
	 -0.20 	 -0.25 	 49.06 	 0.026567
	 -0.20 	 -0.25 	 49.08 	 0.025767
	 -0.21 	 -0.24 	 49.10 	 0.024964
	 -0.21 	 -0.24 	 49.12 	 0.024160
	 -0.21 	 -0.24 	 49.14 	 0.023355
	 -0.22 	 -0.24 	 49.16 	 0.022551
	 -0.22 	 -0.23 	 49.18 	 0.021747
	 -0.23 	 -0.23 	 49.20 	 0.020946
	 -0.23 	 -0.23 	 49.22 	 0.020147
	 -0.24 	 -0.22 	 49.24 	 0.019352
	 -0.24 	 -0.22 	 49.26 	 0.018562
	 -0.25 	 -0.22 	 49.28 	 0.017777
	 -0.25 	 -0.22 	 49.30 	 0.016999
	 -0.25 	 -0.21 	 49.32 	 0.016227
	 -0.26 	 -0.21 	 49.34 	 0.015464
	 -0.26 	 -0.21 	 49.36 	 0.014709
	 -0.27 	 -0.20 	 49.38 	 0.013963
	 -0.27 	 -0.20 	 49.40 	 0.013228
	 -0.28 	 -0.20 	 49.42 	 0.012503
	 -0.28 	 -0.19 	 49.44 	 0.011790
	 -0.28 	 -0.19 	 49.46 	 0.011089
	 -0.29 	 -0.19 	 49.48 	 0.010401
	 -0.29 	 -0.18 	 49.50 	 0.009727
	 -0.29 	 -0.18 	 49.52 	 0.009067
	 -0.30 	 -0.18 	 49.54 	 0.008421
	 -0.30 	 -0.18 	 49.56 	 0.007791
	 -0.30 	 -0.17 	 49.58 	 0.007176
	 -0.31 	 -0.17 	 49.60 	 0.006579
	 -0.31 	 -0.16 	 49.62 	 0.005997
	 -0.31 	 -0.16 	 49.64 	 0.005434
	 -0.32 	 -0.16 	 49.66 	 0.004888
	 -0.32 	 -0.15 	 49.68 	 0.004360
	 -0.32 	 -0.15 	 49.70 	 0.003850
	 -0.33 	 -0.15 	 49.72 	 0.003360
	 -0.33 	 -0.14 	 49.74 	 0.002889
	 -0.33 	 -0.14 	 49.76 	 0.002438
	 -0.34 	 -0.14 	 49.78 	 0.002006
	 -0.34 	 -0.13 	 49.80 	 0.001595
	 -0.34 	 -0.13 	 49.82 	 0.001204
	 -0.34 	 -0.13 	 49.84 	 0.000833
	 -0.35 	 -0.12 	 49.86 	 0.000483
	 -0.35 	 -0.12 	 49.88 	 0.000155
	 -0.35 	 -0.11 	 49.90 	 -0.000153
	 -0.35 	 -0.11 	 49.92 	 -0.000440
	 -0.35 	 -0.11 	 49.94 	 -0.000705
	 -0.36 	 -0.10 	 49.96 	 -0.000949
	 -0.36 	 -0.10 	 49.98 	 -0.001172
	 -0.36 	 -0.10 	 50.00 	 -0.001374
