	 2.00 	 3.00 	 0.00 	 8.742441
	 2.09 	 2.96 	 0.03 	 8.818644
	 2.18 	 2.93 	 0.06 	 8.870629
	 2.26 	 2.89 	 0.09 	 8.897598
	 2.35 	 2.85 	 0.12 	 8.899105
	 2.43 	 2.81 	 0.15 	 8.875036
	 2.52 	 2.77 	 0.18 	 8.825596
	 2.60 	 2.72 	 0.21 	 8.751284
	 2.68 	 2.68 	 0.24 	 8.652867
	 2.76 	 2.63 	 0.27 	 8.531352
	 2.83 	 2.59 	 0.30 	 8.387954
	 2.91 	 2.54 	 0.33 	 8.224068
	 2.99 	 2.49 	 0.36 	 8.041232
	 3.06 	 2.44 	 0.39 	 7.841099
	 3.13 	 2.39 	 0.42 	 7.625406
	 3.20 	 2.34 	 0.45 	 7.395944
	 3.27 	 2.28 	 0.48 	 7.154528
	 3.34 	 2.23 	 0.51 	 6.902978
	 3.40 	 2.18 	 0.54 	 6.643088
	 3.46 	 2.12 	 0.57 	 6.376613
	 3.53 	 2.06 	 0.60 	 6.105246
	 3.59 	 2.01 	 0.63 	 5.830604
	 3.65 	 1.95 	 0.66 	 5.554218
	 3.70 	 1.89 	 0.69 	 5.277522
	 3.76 	 1.83 	 0.72 	 5.001842
	 3.81 	 1.77 	 0.75 	 4.728398
	 3.86 	 1.71 	 0.78 	 4.458295
	 3.91 	 1.65 	 0.81 	 4.192525
	 3.96 	 1.59 	 0.84 	 3.931968
	 4.00 	 1.53 	 0.87 	 3.677389
	 4.05 	 1.46 	 0.90 	 3.429451
	 4.09 	 1.40 	 0.93 	 3.188710
	 4.13 	 1.33 	 0.96 	 2.955624
	 4.17 	 1.27 	 0.99 	 2.730560
	 4.20 	 1.20 	 1.02 	 2.513797
	 4.24 	 1.14 	 1.05 	 2.305536
	 4.27 	 1.07 	 1.08 	 2.105902
	 4.30 	 1.01 	 1.11 	 1.914953
	 4.33 	 0.94 	 1.14 	 1.732689
	 4.36 	 0.87 	 1.17 	 1.559050
	 4.38 	 0.81 	 1.20 	 1.393932
	 4.40 	 0.74 	 1.23 	 1.237182
	 4.42 	 0.67 	 1.26 	 1.088612
	 4.44 	 0.60 	 1.29 	 0.947998
	 4.46 	 0.54 	 1.32 	 0.815084
	 4.47 	 0.47 	 1.35 	 0.689592
	 4.48 	 0.40 	 1.38 	 0.571218
	 4.49 	 0.33 	 1.41 	 0.459638
	 4.50 	 0.26 	 1.44 	 0.354512
	 4.51 	 0.20 	 1.47 	 0.255485
	 4.51 	 0.13 	 1.50 	 0.162190
	 4.51 	 0.06 	 1.53 	 0.074248
	 4.51 	 -0.01 	 1.56 	 -0.008727
	 4.51 	 -0.07 	 1.59 	 -0.087127
	 4.51 	 -0.14 	 1.62 	 -0.161351
	 4.50 	 -0.21 	 1.65 	 -0.231799
	 4.49 	 -0.28 	 1.68 	 -0.298873
	 4.48 	 -0.34 	 1.71 	 -0.362974
	 4.47 	 -0.41 	 1.74 	 -0.424500
	 4.45 	 -0.48 	 1.77 	 -0.483843
	 4.44 	 -0.54 	 1.80 	 -0.541388
	 4.42 	 -0.61 	 1.83 	 -0.597507
	 4.40 	 -0.67 	 1.86 	 -0.652560
	 4.38 	 -0.74 	 1.89 	 -0.706889
	 4.35 	 -0.80 	 1.92 	 -0.760814
	 4.33 	 -0.87 	 1.95 	 -0.814630
	 4.30 	 -0.93 	 1.98 	 -0.868603
	 4.27 	 -0.99 	 2.01 	 -0.922965
	 4.24 	 -1.05 	 2.04 	 -0.977909
	 4.20 	 -1.11 	 2.07 	 -1.033584
	 4.17 	 -1.18 	 2.10 	 -1.090091
	 4.13 	 -1.24 	 2.13 	 -1.147478
	 4.09 	 -1.30 	 2.16 	 -1.205736
	 4.05 	 -1.35 	 2.19 	 -1.264790
	 4.01 	 -1.41 	 2.22 	 -1.324501
	 3.97 	 -1.47 	 2.25 	 -1.384659
	 3.92 	 -1.53 	 2.28 	 -1.444978
	 3.87 	 -1.58 	 2.31 	 -1.505099
	 3.82 	 -1.64 	 2.34 	 -1.564582
	 3.77 	 -1.69 	 2.37 	 -1.622910
	 3.72 	 -1.74 	 2.40 	 -1.679486
	 3.67 	 -1.80 	 2.43 	 -1.733639
	 3.61 	 -1.85 	 2.46 	 -1.784622
	 3.55 	 -1.90 	 2.49 	 -1.831621
	 3.50 	 -1.95 	 2.52 	 -1.873760
	 3.44 	 -2.00 	 2.55 	 -1.910106
	 3.37 	 -2.04 	 2.58 	 -1.939683
	 3.31 	 -2.09 	 2.61 	 -1.961480
	 3.25 	 -2.14 	 2.64 	 -1.974465
	 3.18 	 -2.18 	 2.67 	 -1.977597
	 3.12 	 -2.22 	 2.70 	 -1.969847
	 3.05 	 -2.27 	 2.73 	 -1.950210
	 2.98 	 -2.31 	 2.76 	 -1.917723
	 2.91 	 -2.35 	 2.79 	 -1.871488
	 2.84 	 -2.39 	 2.82 	 -1.810687
	 2.76 	 -2.42 	 2.85 	 -1.734603
	 2.69 	 -2.46 	 2.88 	 -1.642641
	 2.62 	 -2.50 	 2.91 	 -1.534344
	 2.54 	 -2.53 	 2.94 	 -1.409410
	 2.46 	 -2.56 	 2.97 	 -1.267714
	 2.38 	 -2.59 	 3.00 	 -1.109315
	 2.31 	 -2.63 	 3.03 	 -0.934474
	 2.23 	 -2.65 	 3.06 	 -0.743661
	 2.15 	 -2.68 	 3.09 	 -0.537562
	 2.06 	 -2.71 	 3.12 	 -0.317083
	 1.98 	 -2.74 	 3.15 	 -0.083351
	 1.90 	 -2.76 	 3.18 	 0.162293
	 1.82 	 -2.78 	 3.21 	 0.418298
	 1.73 	 -2.80 	 3.24 	 0.682918
	 1.65 	 -2.82 	 3.27 	 0.954224
	 1.56 	 -2.84 	 3.30 	 1.230125
	 1.48 	 -2.86 	 3.33 	 1.508390
	 1.39 	 -2.88 	 3.36 	 1.786677
	 1.30 	 -2.89 	 3.39 	 2.062556
	 1.22 	 -2.91 	 3.42 	 2.333544
	 1.13 	 -2.92 	 3.45 	 2.597138
	 1.04 	 -2.93 	 3.48 	 2.850847
	 0.95 	 -2.94 	 3.51 	 3.092230
	 0.86 	 -2.95 	 3.54 	 3.318929
	 0.78 	 -2.96 	 3.57 	 3.528701
	 0.69 	 -2.96 	 3.60 	 3.719457
	 0.60 	 -2.97 	 3.63 	 3.889287
	 0.51 	 -2.97 	 3.66 	 4.036491
	 0.42 	 -2.97 	 3.69 	 4.159603
	 0.33 	 -2.97 	 3.72 	 4.257413
	 0.24 	 -2.97 	 3.75 	 4.328984
	 0.15 	 -2.97 	 3.78 	 4.373667
	 0.06 	 -2.96 	 3.81 	 4.391104
	 -0.03 	 -2.96 	 3.84 	 4.381238
	 -0.11 	 -2.95 	 3.87 	 4.344305
	 -0.20 	 -2.94 	 3.90 	 4.280833
	 -0.29 	 -2.94 	 3.93 	 4.191630
	 -0.38 	 -2.93 	 3.96 	 4.077765
	 -0.47 	 -2.91 	 3.99 	 3.940556
	 -0.55 	 -2.90 	 4.02 	 3.781542
	 -0.64 	 -2.89 	 4.05 	 3.602458
	 -0.73 	 -2.87 	 4.08 	 3.405210
	 -0.81 	 -2.85 	 4.11 	 3.191844
	 -0.90 	 -2.84 	 4.14 	 2.964512
	 -0.98 	 -2.82 	 4.17 	 2.725444
	 -1.06 	 -2.80 	 4.20 	 2.476916
	 -1.15 	 -2.78 	 4.23 	 2.221217
	 -1.23 	 -2.75 	 4.26 	 1.960618
	 -1.31 	 -2.73 	 4.29 	 1.697348
	 -1.39 	 -2.70 	 4.32 	 1.433562
	 -1.47 	 -2.68 	 4.35 	 1.171321
	 -1.55 	 -2.65 	 4.38 	 0.912571
	 -1.63 	 -2.62 	 4.41 	 0.659118
	 -1.71 	 -2.59 	 4.44 	 0.412624
	 -1.79 	 -2.56 	 4.47 	 0.174583
	 -1.86 	 -2.53 	 4.50 	 -0.053679
	 -1.94 	 -2.50 	 4.53 	 -0.271014
	 -2.01 	 -2.46 	 4.56 	 -0.476454
	 -2.08 	 -2.43 	 4.59 	 -0.669207
	 -2.16 	 -2.39 	 4.62 	 -0.848662
	 -2.23 	 -2.35 	 4.65 	 -1.014375
	 -2.30 	 -2.32 	 4.68 	 -1.166067
	 -2.36 	 -2.28 	 4.71 	 -1.303612
	 -2.43 	 -2.24 	 4.74 	 -1.427026
	 -2.50 	 -2.20 	 4.77 	 -1.536457
	 -2.56 	 -2.15 	 4.80 	 -1.632168
	 -2.63 	 -2.11 	 4.83 	 -1.714526
	 -2.69 	 -2.07 	 4.86 	 -1.783987
	 -2.75 	 -2.02 	 4.89 	 -1.841083
	 -2.81 	 -1.98 	 4.92 	 -1.886406
	 -2.87 	 -1.93 	 4.95 	 -1.920594
	 -2.92 	 -1.88 	 4.98 	 -1.944320
	 -2.98 	 -1.84 	 5.01 	 -1.958278
	 -3.03 	 -1.79 	 5.04 	 -1.963173
	 -3.08 	 -1.74 	 5.07 	 -1.959709
	 -3.13 	 -1.69 	 5.10 	 -1.948580
	 -3.18 	 -1.64 	 5.13 	 -1.930462
	 -3.23 	 -1.59 	 5.16 	 -1.906005
	 -3.28 	 -1.54 	 5.19 	 -1.875827
	 -3.32 	 -1.48 	 5.22 	 -1.840511
	 -3.36 	 -1.43 	 5.25 	 -1.800597
	 -3.41 	 -1.38 	 5.28 	 -1.756581
	 -3.45 	 -1.32 	 5.31 	 -1.708915
	 -3.48 	 -1.27 	 5.34 	 -1.658001
	 -3.52 	 -1.22 	 5.37 	 -1.604194
	 -3.55 	 -1.16 	 5.40 	 -1.547801
	 -3.59 	 -1.10 	 5.43 	 -1.489084
	 -3.62 	 -1.05 	 5.46 	 -1.428256
	 -3.65 	 -0.99 	 5.49 	 -1.365488
	 -3.68 	 -0.94 	 5.52 	 -1.300910
	 -3.70 	 -0.88 	 5.55 	 -1.234611
	 -3.73 	 -0.82 	 5.58 	 -1.166643
	 -3.75 	 -0.76 	 5.61 	 -1.097027
	 -3.77 	 -0.71 	 5.64 	 -1.025749
	 -3.79 	 -0.65 	 5.67 	 -0.952772
	 -3.81 	 -0.59 	 5.70 	 -0.878029
	 -3.83 	 -0.53 	 5.73 	 -0.801436
	 -3.84 	 -0.47 	 5.76 	 -0.722888
	 -3.85 	 -0.41 	 5.79 	 -0.642264
	 -3.86 	 -0.36 	 5.82 	 -0.559431
	 -3.87 	 -0.30 	 5.85 	 -0.474247
	 -3.88 	 -0.24 	 5.88 	 -0.386560
	 -3.88 	 -0.18 	 5.91 	 -0.296218
	 -3.89 	 -0.12 	 5.94 	 -0.203063
	 -3.89 	 -0.06 	 5.97 	 -0.106940
	 -3.89 	 -0.00 	 6.00 	 -0.007696
	 -3.89 	 0.05 	 6.03 	 0.094814
	 -3.88 	 0.11 	 6.06 	 0.200731
	 -3.88 	 0.17 	 6.09 	 0.310183
	 -3.87 	 0.23 	 6.12 	 0.423284
	 -3.86 	 0.29 	 6.15 	 0.540137
	 -3.85 	 0.34 	 6.18 	 0.660825
	 -3.84 	 0.40 	 6.21 	 0.785412
	 -3.83 	 0.46 	 6.24 	 0.913941
	 -3.81 	 0.51 	 6.27 	 1.046430
	 -3.80 	 0.57 	 6.30 	 1.182874
	 -3.78 	 0.63 	 6.33 	 1.323235
	 -3.76 	 0.68 	 6.36 	 1.467449
	 -3.73 	 0.74 	 6.39 	 1.615416
	 -3.71 	 0.79 	 6.42 	 1.767004
	 -3.69 	 0.84 	 6.45 	 1.922043
	 -3.66 	 0.90 	 6.48 	 2.080326
	 -3.63 	 0.95 	 6.51 	 2.241605
	 -3.60 	 1.00 	 6.54 	 2.405593
	 -3.57 	 1.06 	 6.57 	 2.571958
	 -3.54 	 1.11 	 6.60 	 2.740327
	 -3.50 	 1.16 	 6.63 	 2.910283
	 -3.46 	 1.21 	 6.66 	 3.081365
	 -3.43 	 1.26 	 6.69 	 3.253069
	 -3.39 	 1.31 	 6.72 	 3.424848
	 -3.35 	 1.35 	 6.75 	 3.596116
	 -3.30 	 1.40 	 6.78 	 3.766247
	 -3.26 	 1.45 	 6.81 	 3.934578
	 -3.22 	 1.50 	 6.84 	 4.100414
	 -3.17 	 1.54 	 6.87 	 4.263030
	 -3.12 	 1.58 	 6.90 	 4.421679
	 -3.07 	 1.63 	 6.93 	 4.575592
	 -3.02 	 1.67 	 6.96 	 4.723989
	 -2.97 	 1.71 	 6.99 	 4.866084
	 -2.92 	 1.75 	 7.02 	 5.001090
	 -2.87 	 1.79 	 7.05 	 5.128233
	 -2.81 	 1.83 	 7.08 	 5.246752
	 -2.75 	 1.87 	 7.11 	 5.355916
	 -2.70 	 1.91 	 7.14 	 5.455028
	 -2.64 	 1.95 	 7.17 	 5.543437
	 -2.58 	 1.98 	 7.20 	 5.620547
	 -2.52 	 2.02 	 7.23 	 5.685823
	 -2.46 	 2.05 	 7.26 	 5.738808
	 -2.39 	 2.08 	 7.29 	 5.779124
	 -2.33 	 2.12 	 7.32 	 5.806485
	 -2.27 	 2.15 	 7.35 	 5.820704
	 -2.20 	 2.18 	 7.38 	 5.821698
	 -2.14 	 2.20 	 7.41 	 5.809494
	 -2.07 	 2.23 	 7.44 	 5.784238
	 -2.00 	 2.26 	 7.47 	 5.746191
	 -1.93 	 2.28 	 7.50 	 5.695737
	 -1.86 	 2.31 	 7.53 	 5.633379
	 -1.79 	 2.33 	 7.56 	 5.559740
	 -1.72 	 2.35 	 7.59 	 5.475561
	 -1.65 	 2.38 	 7.62 	 5.381690
	 -1.58 	 2.40 	 7.65 	 5.279083
	 -1.51 	 2.41 	 7.68 	 5.168791
	 -1.43 	 2.43 	 7.71 	 5.051950
	 -1.36 	 2.45 	 7.74 	 4.929773
	 -1.29 	 2.46 	 7.77 	 4.803531
	 -1.21 	 2.48 	 7.80 	 4.674545
	 -1.14 	 2.49 	 7.83 	 4.544168
	 -1.06 	 2.50 	 7.86 	 4.413767
	 -0.99 	 2.51 	 7.89 	 4.284709
	 -0.91 	 2.52 	 7.92 	 4.158346
	 -0.83 	 2.53 	 7.95 	 4.035991
	 -0.76 	 2.54 	 7.98 	 3.918908
	 -0.68 	 2.55 	 8.01 	 3.808294
	 -0.61 	 2.55 	 8.04 	 3.705261
	 -0.53 	 2.56 	 8.07 	 3.610826
	 -0.45 	 2.56 	 8.10 	 3.525892
	 -0.38 	 2.56 	 8.13 	 3.451245
	 -0.30 	 2.56 	 8.16 	 3.387534
	 -0.22 	 2.56 	 8.19 	 3.335272
	 -0.15 	 2.56 	 8.22 	 3.294824
	 -0.07 	 2.56 	 8.25 	 3.266409
	 0.01 	 2.55 	 8.28 	 3.250093
	 0.08 	 2.55 	 8.31 	 3.245791
	 0.16 	 2.54 	 8.34 	 3.253272
	 0.24 	 2.53 	 8.37 	 3.272164
	 0.31 	 2.52 	 8.40 	 3.301955
	 0.39 	 2.51 	 8.43 	 3.342011
	 0.46 	 2.50 	 8.46 	 3.391576
	 0.54 	 2.49 	 8.49 	 3.449794
	 0.61 	 2.48 	 8.52 	 3.515714
	 0.69 	 2.46 	 8.55 	 3.588306
	 0.76 	 2.45 	 8.58 	 3.666479
	 0.83 	 2.43 	 8.61 	 3.749091
	 0.90 	 2.42 	 8.64 	 3.834971
	 0.98 	 2.40 	 8.67 	 3.922926
	 1.05 	 2.38 	 8.70 	 4.011762
	 1.12 	 2.36 	 8.73 	 4.100299
	 1.19 	 2.34 	 8.76 	 4.187379
	 1.26 	 2.31 	 8.79 	 4.271885
	 1.33 	 2.29 	 8.82 	 4.352750
	 1.39 	 2.26 	 8.85 	 4.428970
	 1.46 	 2.24 	 8.88 	 4.499608
	 1.53 	 2.21 	 8.91 	 4.563808
	 1.59 	 2.19 	 8.94 	 4.620799
	 1.66 	 2.16 	 8.97 	 4.669900
	 1.72 	 2.13 	 9.00 	 4.710522
	 1.79 	 2.10 	 9.03 	 4.742175
	 1.85 	 2.07 	 9.06 	 4.764463
	 1.91 	 2.04 	 9.09 	 4.777088
	 1.97 	 2.00 	 9.12 	 4.779848
	 2.03 	 1.97 	 9.15 	 4.772630
	 2.09 	 1.93 	 9.18 	 4.755410
	 2.14 	 1.90 	 9.21 	 4.728250
	 2.20 	 1.86 	 9.24 	 4.691288
	 2.25 	 1.83 	 9.27 	 4.644734
	 2.31 	 1.79 	 9.30 	 4.588866
	 2.36 	 1.75 	 9.33 	 4.524021
	 2.41 	 1.71 	 9.36 	 4.450585
	 2.46 	 1.67 	 9.39 	 4.368994
	 2.51 	 1.63 	 9.42 	 4.279718
	 2.56 	 1.59 	 9.45 	 4.183259
	 2.60 	 1.55 	 9.48 	 4.080146
	 2.65 	 1.51 	 9.51 	 3.970921
	 2.69 	 1.47 	 9.54 	 3.856141
	 2.74 	 1.42 	 9.57 	 3.736367
	 2.78 	 1.38 	 9.60 	 3.612162
	 2.82 	 1.33 	 9.63 	 3.484080
	 2.86 	 1.29 	 9.66 	 3.352671
	 2.89 	 1.24 	 9.69 	 3.218468
	 2.93 	 1.20 	 9.72 	 3.081989
	 2.96 	 1.15 	 9.75 	 2.943729
	 3.00 	 1.10 	 9.78 	 2.804165
	 3.03 	 1.06 	 9.81 	 2.663747
	 3.06 	 1.01 	 9.84 	 2.522898
	 3.09 	 0.96 	 9.87 	 2.382015
	 3.12 	 0.91 	 9.90 	 2.241466
	 3.14 	 0.86 	 9.93 	 2.101590
	 3.17 	 0.82 	 9.96 	 1.962698
	 3.19 	 0.77 	 9.99 	 1.825071
	 3.21 	 0.72 	 10.02 	 1.688963
	 3.23 	 0.67 	 10.05 	 1.554599
	 3.25 	 0.62 	 10.08 	 1.422177
	 3.27 	 0.57 	 10.11 	 1.291871
	 3.28 	 0.52 	 10.14 	 1.163829
	 3.30 	 0.47 	 10.17 	 1.038176
	 3.31 	 0.42 	 10.20 	 0.915015
	 3.32 	 0.37 	 10.23 	 0.794430
	 3.33 	 0.32 	 10.26 	 0.676485
	 3.34 	 0.27 	 10.29 	 0.561228
	 3.34 	 0.22 	 10.32 	 0.448692
	 3.35 	 0.16 	 10.35 	 0.338897
	 3.35 	 0.11 	 10.38 	 0.231851
	 3.35 	 0.06 	 10.41 	 0.127553
	 3.35 	 0.01 	 10.44 	 0.025993
	 3.35 	 -0.04 	 10.47 	 -0.072843
	 3.35 	 -0.09 	 10.50 	 -0.168975
	 3.35 	 -0.14 	 10.53 	 -0.262425
	 3.34 	 -0.19 	 10.56 	 -0.353214
	 3.33 	 -0.24 	 10.59 	 -0.441364
	 3.32 	 -0.29 	 10.62 	 -0.526892
	 3.31 	 -0.34 	 10.65 	 -0.609812
	 3.30 	 -0.39 	 10.68 	 -0.690131
	 3.29 	 -0.43 	 10.71 	 -0.767849
	 3.28 	 -0.48 	 10.74 	 -0.842956
	 3.26 	 -0.53 	 10.77 	 -0.915432
	 3.24 	 -0.58 	 10.80 	 -0.985245
	 3.22 	 -0.63 	 10.83 	 -1.052349
	 3.20 	 -0.67 	 10.86 	 -1.116687
	 3.18 	 -0.72 	 10.89 	 -1.178183
	 3.16 	 -0.77 	 10.92 	 -1.236749
	 3.13 	 -0.81 	 10.95 	 -1.292279
	 3.11 	 -0.86 	 10.98 	 -1.344650
	 3.08 	 -0.90 	 11.01 	 -1.393724
	 3.05 	 -0.95 	 11.04 	 -1.439346
	 3.02 	 -0.99 	 11.07 	 -1.481344
	 2.99 	 -1.03 	 11.10 	 -1.519531
	 2.96 	 -1.08 	 11.13 	 -1.553707
	 2.93 	 -1.12 	 11.16 	 -1.583656
	 2.89 	 -1.16 	 11.19 	 -1.609152
	 2.86 	 -1.20 	 11.22 	 -1.629958
	 2.82 	 -1.24 	 11.25 	 -1.645831
	 2.78 	 -1.28 	 11.28 	 -1.656521
	 2.74 	 -1.32 	 11.31 	 -1.661776
	 2.70 	 -1.36 	 11.34 	 -1.661344
	 2.66 	 -1.40 	 11.37 	 -1.654978
	 2.61 	 -1.43 	 11.40 	 -1.642437
	 2.57 	 -1.47 	 11.43 	 -1.623493
	 2.53 	 -1.51 	 11.46 	 -1.597931
	 2.48 	 -1.54 	 11.49 	 -1.565558
	 2.43 	 -1.58 	 11.52 	 -1.526202
	 2.38 	 -1.61 	 11.55 	 -1.479723
	 2.33 	 -1.64 	 11.58 	 -1.426008
	 2.28 	 -1.67 	 11.61 	 -1.364985
	 2.23 	 -1.70 	 11.64 	 -1.296620
	 2.18 	 -1.73 	 11.67 	 -1.220925
	 2.13 	 -1.76 	 11.70 	 -1.137960
	 2.07 	 -1.79 	 11.73 	 -1.047836
	 2.02 	 -1.82 	 11.76 	 -0.950718
	 1.96 	 -1.85 	 11.79 	 -0.846829
	 1.91 	 -1.87 	 11.82 	 -0.736448
	 1.85 	 -1.90 	 11.85 	 -0.619915
	 1.79 	 -1.92 	 11.88 	 -0.497631
	 1.74 	 -1.94 	 11.91 	 -0.370057
	 1.68 	 -1.97 	 11.94 	 -0.237710
	 1.62 	 -1.99 	 11.97 	 -0.101168
	 1.56 	 -2.01 	 12.00 	 0.038939
	 1.50 	 -2.03 	 12.03 	 0.181928
	 1.43 	 -2.04 	 12.06 	 0.327068
	 1.37 	 -2.06 	 12.09 	 0.473588
	 1.31 	 -2.08 	 12.12 	 0.620677
	 1.25 	 -2.09 	 12.15 	 0.767496
	 1.18 	 -2.11 	 12.18 	 0.913182
	 1.12 	 -2.12 	 12.21 	 1.056853
	 1.06 	 -2.13 	 12.24 	 1.197622
	 0.99 	 -2.15 	 12.27 	 1.334600
	 0.93 	 -2.16 	 12.30 	 1.466906
	 0.86 	 -2.17 	 12.33 	 1.593677
	 0.80 	 -2.17 	 12.36 	 1.714074
	 0.73 	 -2.18 	 12.39 	 1.827294
	 0.67 	 -2.19 	 12.42 	 1.932575
	 0.60 	 -2.19 	 12.45 	 2.029204
	 0.53 	 -2.20 	 12.48 	 2.116529
	 0.47 	 -2.20 	 12.51 	 2.193959
	 0.40 	 -2.21 	 12.54 	 2.260976
	 0.34 	 -2.21 	 12.57 	 2.317138
	 0.27 	 -2.21 	 12.60 	 2.362083
	 0.20 	 -2.21 	 12.63 	 2.395533
	 0.14 	 -2.21 	 12.66 	 2.417299
	 0.07 	 -2.20 	 12.69 	 2.427280
	 0.01 	 -2.20 	 12.72 	 2.425463
	 -0.06 	 -2.20 	 12.75 	 2.411925
	 -0.13 	 -2.19 	 12.78 	 2.386832
	 -0.19 	 -2.18 	 12.81 	 2.350433
	 -0.26 	 -2.18 	 12.84 	 2.303059
	 -0.32 	 -2.17 	 12.87 	 2.245121
	 -0.39 	 -2.16 	 12.90 	 2.177101
	 -0.45 	 -2.15 	 12.93 	 2.099547
	 -0.52 	 -2.14 	 12.96 	 2.013069
	 -0.58 	 -2.13 	 12.99 	 1.918329
	 -0.64 	 -2.11 	 13.02 	 1.816037
	 -0.71 	 -2.10 	 13.05 	 1.706941
	 -0.77 	 -2.09 	 13.08 	 1.591818
	 -0.83 	 -2.07 	 13.11 	 1.471469
	 -0.89 	 -2.05 	 13.14 	 1.346711
	 -0.95 	 -2.04 	 13.17 	 1.218365
	 -1.01 	 -2.02 	 13.20 	 1.087254
	 -1.07 	 -2.00 	 13.23 	 0.954193
	 -1.13 	 -1.98 	 13.26 	 0.819982
	 -1.19 	 -1.96 	 13.29 	 0.685398
	 -1.25 	 -1.93 	 13.32 	 0.551193
	 -1.31 	 -1.91 	 13.35 	 0.418089
	 -1.36 	 -1.89 	 13.38 	 0.286767
	 -1.42 	 -1.86 	 13.41 	 0.157870
	 -1.48 	 -1.84 	 13.44 	 0.031998
	 -1.53 	 -1.81 	 13.47 	 -0.090300
	 -1.58 	 -1.79 	 13.50 	 -0.208518
	 -1.64 	 -1.76 	 13.53 	 -0.322203
	 -1.69 	 -1.73 	 13.56 	 -0.430953
	 -1.74 	 -1.70 	 13.59 	 -0.534415
	 -1.79 	 -1.67 	 13.62 	 -0.632286
	 -1.84 	 -1.64 	 13.65 	 -0.724314
	 -1.89 	 -1.61 	 13.68 	 -0.810293
	 -1.93 	 -1.58 	 13.71 	 -0.890063
	 -1.98 	 -1.55 	 13.74 	 -0.963509
	 -2.03 	 -1.52 	 13.77 	 -1.030555
	 -2.07 	 -1.48 	 13.80 	 -1.091166
	 -2.11 	 -1.45 	 13.83 	 -1.145340
	 -2.16 	 -1.41 	 13.86 	 -1.193108
	 -2.20 	 -1.38 	 13.89 	 -1.234533
	 -2.24 	 -1.34 	 13.92 	 -1.269699
	 -2.28 	 -1.31 	 13.95 	 -1.298717
	 -2.32 	 -1.27 	 13.98 	 -1.321715
	 -2.35 	 -1.23 	 14.01 	 -1.338841
	 -2.39 	 -1.19 	 14.04 	 -1.350252
	 -2.42 	 -1.16 	 14.07 	 -1.356119
	 -2.46 	 -1.12 	 14.10 	 -1.356622
	 -2.49 	 -1.08 	 14.13 	 -1.351943
	 -2.52 	 -1.04 	 14.16 	 -1.342271
	 -2.55 	 -1.00 	 14.19 	 -1.327795
	 -2.58 	 -0.96 	 14.22 	 -1.308705
	 -2.61 	 -0.92 	 14.25 	 -1.285185
	 -2.63 	 -0.88 	 14.28 	 -1.257421
	 -2.66 	 -0.84 	 14.31 	 -1.225590
	 -2.68 	 -0.80 	 14.34 	 -1.189867
	 -2.70 	 -0.75 	 14.37 	 -1.150417
	 -2.73 	 -0.71 	 14.40 	 -1.107401
	 -2.75 	 -0.67 	 14.43 	 -1.060971
	 -2.76 	 -0.63 	 14.46 	 -1.011272
	 -2.78 	 -0.58 	 14.49 	 -0.958443
	 -2.80 	 -0.54 	 14.52 	 -0.902614
	 -2.81 	 -0.50 	 14.55 	 -0.843906
	 -2.83 	 -0.45 	 14.58 	 -0.782437
	 -2.84 	 -0.41 	 14.61 	 -0.718317
	 -2.85 	 -0.37 	 14.64 	 -0.651649
	 -2.86 	 -0.32 	 14.67 	 -0.582533
	 -2.87 	 -0.28 	 14.70 	 -0.511063
	 -2.88 	 -0.24 	 14.73 	 -0.437331
	 -2.88 	 -0.19 	 14.76 	 -0.361425
	 -2.89 	 -0.15 	 14.79 	 -0.283431
	 -2.89 	 -0.11 	 14.82 	 -0.203435
	 -2.89 	 -0.06 	 14.85 	 -0.121524
	 -2.89 	 -0.02 	 14.88 	 -0.037784
	 -2.89 	 0.02 	 14.91 	 0.047696
	 -2.89 	 0.07 	 14.94 	 0.134824
	 -2.89 	 0.11 	 14.97 	 0.223505
	 -2.88 	 0.15 	 15.00 	 0.313638
	 -2.87 	 0.20 	 15.03 	 0.405118
	 -2.87 	 0.24 	 15.06 	 0.497833
	 -2.86 	 0.28 	 15.09 	 0.591662
	 -2.85 	 0.32 	 15.12 	 0.686480
	 -2.84 	 0.37 	 15.15 	 0.782150
	 -2.83 	 0.41 	 15.18 	 0.878528
	 -2.81 	 0.45 	 15.21 	 0.975460
	 -2.80 	 0.49 	 15.24 	 1.072783
	 -2.78 	 0.53 	 15.27 	 1.170322
	 -2.76 	 0.57 	 15.30 	 1.267893
	 -2.75 	 0.61 	 15.33 	 1.365303
	 -2.73 	 0.65 	 15.36 	 1.462347
	 -2.71 	 0.69 	 15.39 	 1.558811
	 -2.68 	 0.73 	 15.42 	 1.654472
	 -2.66 	 0.77 	 15.45 	 1.749096
	 -2.64 	 0.81 	 15.48 	 1.842443
	 -2.61 	 0.85 	 15.51 	 1.934264
	 -2.58 	 0.88 	 15.54 	 2.024305
	 -2.56 	 0.92 	 15.57 	 2.112305
	 -2.53 	 0.96 	 15.60 	 2.198000
	 -2.50 	 0.99 	 15.63 	 2.281123
	 -2.47 	 1.03 	 15.66 	 2.361407
	 -2.44 	 1.06 	 15.69 	 2.438583
	 -2.40 	 1.10 	 15.72 	 2.512388
	 -2.37 	 1.13 	 15.75 	 2.582561
	 -2.33 	 1.17 	 15.78 	 2.648849
	 -2.30 	 1.20 	 15.81 	 2.711007
	 -2.26 	 1.23 	 15.84 	 2.768803
	 -2.22 	 1.26 	 15.87 	 2.822015
	 -2.18 	 1.29 	 15.90 	 2.870441
	 -2.14 	 1.32 	 15.93 	 2.913894
	 -2.10 	 1.35 	 15.96 	 2.952207
	 -2.06 	 1.38 	 15.99 	 2.985240
	 -2.02 	 1.41 	 16.02 	 3.012872
	 -1.98 	 1.44 	 16.05 	 3.035013
	 -1.93 	 1.46 	 16.08 	 3.051601
	 -1.89 	 1.49 	 16.11 	 3.062604
	 -1.84 	 1.52 	 16.14 	 3.068022
	 -1.80 	 1.54 	 16.17 	 3.067889
	 -1.75 	 1.56 	 16.20 	 3.062272
	 -1.70 	 1.59 	 16.23 	 3.051275
	 -1.65 	 1.61 	 16.26 	 3.035036
	 -1.61 	 1.63 	 16.29 	 3.013728
	 -1.56 	 1.65 	 16.32 	 2.987563
	 -1.51 	 1.67 	 16.35 	 2.956781
	 -1.45 	 1.69 	 16.38 	 2.921662
	 -1.40 	 1.71 	 16.41 	 2.882512
	 -1.35 	 1.73 	 16.44 	 2.839673
	 -1.30 	 1.74 	 16.47 	 2.793510
	 -1.25 	 1.76 	 16.50 	 2.744416
	 -1.19 	 1.78 	 16.53 	 2.692805
	 -1.14 	 1.79 	 16.56 	 2.639111
	 -1.09 	 1.80 	 16.59 	 2.583784
	 -1.03 	 1.82 	 16.62 	 2.527284
	 -0.98 	 1.83 	 16.65 	 2.470080
	 -0.92 	 1.84 	 16.68 	 2.412646
	 -0.87 	 1.85 	 16.71 	 2.355454
	 -0.81 	 1.86 	 16.74 	 2.298969
	 -0.75 	 1.87 	 16.77 	 2.243651
	 -0.70 	 1.87 	 16.80 	 2.189943
	 -0.64 	 1.88 	 16.83 	 2.138270
	 -0.58 	 1.89 	 16.86 	 2.089038
	 -0.53 	 1.89 	 16.89 	 2.042624
	 -0.47 	 1.90 	 16.92 	 1.999377
	 -0.41 	 1.90 	 16.95 	 1.959611
	 -0.36 	 1.90 	 16.98 	 1.923607
	 -0.30 	 1.90 	 17.01 	 1.891605
	 -0.24 	 1.90 	 17.04 	 1.863806
	 -0.19 	 1.90 	 17.07 	 1.840367
	 -0.13 	 1.90 	 17.10 	 1.821401
	 -0.07 	 1.90 	 17.13 	 1.806978
	 -0.01 	 1.90 	 17.16 	 1.797122
	 0.04 	 1.89 	 17.19 	 1.791811
	 0.10 	 1.89 	 17.22 	 1.790981
	 0.16 	 1.88 	 17.25 	 1.794522
	 0.21 	 1.88 	 17.28 	 1.802286
	 0.27 	 1.87 	 17.31 	 1.814083
	 0.32 	 1.86 	 17.34 	 1.829687
	 0.38 	 1.86 	 17.37 	 1.848836
	 0.43 	 1.85 	 17.40 	 1.871239
	 0.49 	 1.84 	 17.43 	 1.896575
	 0.54 	 1.82 	 17.46 	 1.924500
	 0.60 	 1.81 	 17.49 	 1.954648
	 0.65 	 1.80 	 17.52 	 1.986637
	 0.71 	 1.79 	 17.55 	 2.020073
	 0.76 	 1.77 	 17.58 	 2.054552
	 0.81 	 1.76 	 17.61 	 2.089665
	 0.86 	 1.74 	 17.64 	 2.125003
	 0.92 	 1.73 	 17.67 	 2.160157
	 0.97 	 1.71 	 17.70 	 2.194729
	 1.02 	 1.69 	 17.73 	 2.228328
	 1.07 	 1.67 	 17.76 	 2.260574
	 1.12 	 1.65 	 17.79 	 2.291108
	 1.17 	 1.63 	 17.82 	 2.319585
	 1.22 	 1.61 	 17.85 	 2.345683
	 1.26 	 1.59 	 17.88 	 2.369104
	 1.31 	 1.57 	 17.91 	 2.389573
	 1.36 	 1.55 	 17.94 	 2.406841
	 1.40 	 1.52 	 17.97 	 2.420688
	 1.45 	 1.50 	 18.00 	 2.430922
	 1.49 	 1.47 	 18.03 	 2.437378
	 1.53 	 1.45 	 18.06 	 2.439920
	 1.58 	 1.42 	 18.09 	 2.438442
	 1.62 	 1.40 	 18.12 	 2.432866
	 1.66 	 1.37 	 18.15 	 2.423140
	 1.70 	 1.34 	 18.18 	 2.409241
	 1.74 	 1.31 	 18.21 	 2.391170
	 1.78 	 1.28 	 18.24 	 2.368953
	 1.82 	 1.25 	 18.27 	 2.342640
	 1.85 	 1.22 	 18.30 	 2.312302
	 1.89 	 1.19 	 18.33 	 2.278029
	 1.92 	 1.16 	 18.36 	 2.239932
	 1.96 	 1.13 	 18.39 	 2.198136
	 1.99 	 1.10 	 18.42 	 2.152784
	 2.02 	 1.07 	 18.45 	 2.104029
	 2.05 	 1.04 	 18.48 	 2.052037
	 2.08 	 1.00 	 18.51 	 1.996984
	 2.11 	 0.97 	 18.54 	 1.939053
	 2.14 	 0.94 	 18.57 	 1.878436
	 2.17 	 0.90 	 18.60 	 1.815327
	 2.19 	 0.87 	 18.63 	 1.749924
	 2.22 	 0.83 	 18.66 	 1.682430
	 2.24 	 0.80 	 18.69 	 1.613044
	 2.27 	 0.76 	 18.72 	 1.541969
	 2.29 	 0.73 	 18.75 	 1.469405
	 2.31 	 0.69 	 18.78 	 1.395550
	 2.33 	 0.66 	 18.81 	 1.320597
	 2.35 	 0.62 	 18.84 	 1.244738
	 2.36 	 0.58 	 18.87 	 1.168159
	 2.38 	 0.55 	 18.90 	 1.091041
	 2.40 	 0.51 	 18.93 	 1.013561
	 2.41 	 0.47 	 18.96 	 0.935887
	 2.42 	 0.44 	 18.99 	 0.858184
	 2.44 	 0.40 	 19.02 	 0.780611
	 2.45 	 0.36 	 19.05 	 0.703319
	 2.46 	 0.32 	 19.08 	 0.626454
	 2.46 	 0.29 	 19.11 	 0.550156
	 2.47 	 0.25 	 19.14 	 0.474559
	 2.48 	 0.21 	 19.17 	 0.399791
	 2.48 	 0.17 	 19.20 	 0.325976
	 2.49 	 0.14 	 19.23 	 0.253232
	 2.49 	 0.10 	 19.26 	 0.181671
	 2.49 	 0.06 	 19.29 	 0.111403
	 2.49 	 0.02 	 19.32 	 0.042532
	 2.49 	 -0.01 	 19.35 	 -0.024841
	 2.49 	 -0.05 	 19.38 	 -0.090616
	 2.49 	 -0.09 	 19.41 	 -0.154700
	 2.48 	 -0.13 	 19.44 	 -0.216999
	 2.48 	 -0.16 	 19.47 	 -0.277422
	 2.47 	 -0.20 	 19.50 	 -0.335879
	 2.47 	 -0.24 	 19.53 	 -0.392284
	 2.46 	 -0.27 	 19.56 	 -0.446549
	 2.45 	 -0.31 	 19.59 	 -0.498587
	 2.44 	 -0.35 	 19.62 	 -0.548314
	 2.43 	 -0.38 	 19.65 	 -0.595643
	 2.41 	 -0.42 	 19.68 	 -0.640490
	 2.40 	 -0.45 	 19.71 	 -0.682768
	 2.39 	 -0.49 	 19.74 	 -0.722394
	 2.37 	 -0.52 	 19.77 	 -0.759283
	 2.35 	 -0.56 	 19.80 	 -0.793349
	 2.34 	 -0.59 	 19.83 	 -0.824509
	 2.32 	 -0.62 	 19.86 	 -0.852679
	 2.30 	 -0.66 	 19.89 	 -0.877778
	 2.28 	 -0.69 	 19.92 	 -0.899723
	 2.26 	 -0.72 	 19.95 	 -0.918437
	 2.23 	 -0.76 	 19.98 	 -0.933843
	 2.21 	 -0.79 	 20.01 	 -0.945867
	 2.18 	 -0.82 	 20.04 	 -0.954441
	 2.16 	 -0.85 	 20.07 	 -0.959499
	 2.13 	 -0.88 	 20.10 	 -0.960982
	 2.11 	 -0.91 	 20.13 	 -0.958836
	 2.08 	 -0.94 	 20.16 	 -0.953016
	 2.05 	 -0.97 	 20.19 	 -0.943483
	 2.02 	 -1.00 	 20.22 	 -0.930208
	 1.99 	 -1.03 	 20.25 	 -0.913173
	 1.96 	 -1.06 	 20.28 	 -0.892369
	 1.92 	 -1.08 	 20.31 	 -0.867801
	 1.89 	 -1.11 	 20.34 	 -0.839484
	 1.86 	 -1.14 	 20.37 	 -0.807451
	 1.82 	 -1.16 	 20.40 	 -0.771746
	 1.78 	 -1.19 	 20.43 	 -0.732431
	 1.75 	 -1.21 	 20.46 	 -0.689583
	 1.71 	 -1.23 	 20.49 	 -0.643296
	 1.67 	 -1.26 	 20.52 	 -0.593682
	 1.64 	 -1.28 	 20.55 	 -0.540871
	 1.60 	 -1.30 	 20.58 	 -0.485011
	 1.56 	 -1.32 	 20.61 	 -0.426268
	 1.52 	 -1.34 	 20.64 	 -0.364826
	 1.48 	 -1.36 	 20.67 	 -0.300888
	 1.43 	 -1.38 	 20.70 	 -0.234676
	 1.39 	 -1.40 	 20.73 	 -0.166426
	 1.35 	 -1.42 	 20.76 	 -0.096393
	 1.31 	 -1.44 	 20.79 	 -0.024848
	 1.26 	 -1.45 	 20.82 	 0.047924
	 1.22 	 -1.47 	 20.85 	 0.121626
	 1.17 	 -1.49 	 20.88 	 0.195945
	 1.13 	 -1.50 	 20.91 	 0.270563
	 1.08 	 -1.51 	 20.94 	 0.345149
	 1.04 	 -1.53 	 20.97 	 0.419366
	 0.99 	 -1.54 	 21.00 	 0.492875
	 0.94 	 -1.55 	 21.03 	 0.565330
	 0.90 	 -1.56 	 21.06 	 0.636389
	 0.85 	 -1.57 	 21.09 	 0.705708
	 0.80 	 -1.58 	 21.12 	 0.772950
	 0.76 	 -1.59 	 21.15 	 0.837784
	 0.71 	 -1.60 	 21.18 	 0.899887
	 0.66 	 -1.61 	 21.21 	 0.958948
	 0.61 	 -1.61 	 21.24 	 1.014670
	 0.56 	 -1.62 	 21.27 	 1.066771
	 0.51 	 -1.63 	 21.30 	 1.114990
	 0.46 	 -1.63 	 21.33 	 1.159081
	 0.42 	 -1.63 	 21.36 	 1.198825
	 0.37 	 -1.64 	 21.39 	 1.234024
	 0.32 	 -1.64 	 21.42 	 1.264505
	 0.27 	 -1.64 	 21.45 	 1.290123
	 0.22 	 -1.64 	 21.48 	 1.310759
	 0.17 	 -1.64 	 21.51 	 1.326324
	 0.12 	 -1.64 	 21.54 	 1.336757
	 0.07 	 -1.64 	 21.57 	 1.342027
	 0.02 	 -1.64 	 21.60 	 1.342132
	 -0.03 	 -1.63 	 21.63 	 1.337100
	 -0.08 	 -1.63 	 21.66 	 1.326989
	 -0.12 	 -1.63 	 21.69 	 1.311882
	 -0.17 	 -1.62 	 21.72 	 1.291895
	 -0.22 	 -1.61 	 21.75 	 1.267165
	 -0.27 	 -1.61 	 21.78 	 1.237858
	 -0.32 	 -1.60 	 21.81 	 1.204163
	 -0.37 	 -1.59 	 21.84 	 1.166290
	 -0.41 	 -1.58 	 21.87 	 1.124470
	 -0.46 	 -1.57 	 21.90 	 1.078954
	 -0.51 	 -1.56 	 21.93 	 1.030006
	 -0.55 	 -1.55 	 21.96 	 0.977907
	 -0.60 	 -1.54 	 21.99 	 0.922950
	 -0.65 	 -1.53 	 22.02 	 0.865437
	 -0.69 	 -1.52 	 22.05 	 0.805677
	 -0.74 	 -1.50 	 22.08 	 0.743986
	 -0.78 	 -1.49 	 22.11 	 0.680682
	 -0.83 	 -1.48 	 22.14 	 0.616085
	 -0.87 	 -1.46 	 22.17 	 0.550514
	 -0.91 	 -1.44 	 22.20 	 0.484283
	 -0.96 	 -1.43 	 22.23 	 0.417703
	 -1.00 	 -1.41 	 22.26 	 0.351080
	 -1.04 	 -1.39 	 22.29 	 0.284707
	 -1.08 	 -1.37 	 22.32 	 0.218873
	 -1.12 	 -1.36 	 22.35 	 0.153851
	 -1.16 	 -1.34 	 22.38 	 0.089905
	 -1.20 	 -1.32 	 22.41 	 0.027283
	 -1.24 	 -1.29 	 22.44 	 -0.033778
	 -1.28 	 -1.27 	 22.47 	 -0.093058
	 -1.32 	 -1.25 	 22.50 	 -0.150352
	 -1.35 	 -1.23 	 22.53 	 -0.205471
	 -1.39 	 -1.21 	 22.56 	 -0.258242
	 -1.42 	 -1.18 	 22.59 	 -0.308508
	 -1.46 	 -1.16 	 22.62 	 -0.356127
	 -1.49 	 -1.14 	 22.65 	 -0.400977
	 -1.53 	 -1.11 	 22.68 	 -0.442947
	 -1.56 	 -1.09 	 22.71 	 -0.481946
	 -1.59 	 -1.06 	 22.74 	 -0.517893
	 -1.62 	 -1.03 	 22.77 	 -0.550727
	 -1.65 	 -1.01 	 22.80 	 -0.580397
	 -1.68 	 -0.98 	 22.83 	 -0.606867
	 -1.71 	 -0.95 	 22.86 	 -0.630113
	 -1.74 	 -0.93 	 22.89 	 -0.650125
	 -1.77 	 -0.90 	 22.92 	 -0.666901
	 -1.79 	 -0.87 	 22.95 	 -0.680453
	 -1.82 	 -0.84 	 22.98 	 -0.690799
	 -1.84 	 -0.81 	 23.01 	 -0.697968
	 -1.86 	 -0.78 	 23.04 	 -0.701998
	 -1.89 	 -0.75 	 23.07 	 -0.702934
	 -1.91 	 -0.72 	 23.10 	 -0.700827
	 -1.93 	 -0.69 	 23.13 	 -0.695733
	 -1.95 	 -0.66 	 23.16 	 -0.687718
	 -1.97 	 -0.63 	 23.19 	 -0.676847
	 -1.99 	 -0.60 	 23.22 	 -0.663195
	 -2.00 	 -0.57 	 23.25 	 -0.646837
	 -2.02 	 -0.54 	 23.28 	 -0.627853
	 -2.04 	 -0.51 	 23.31 	 -0.606325
	 -2.05 	 -0.48 	 23.34 	 -0.582338
	 -2.06 	 -0.45 	 23.37 	 -0.555981
	 -2.08 	 -0.41 	 23.40 	 -0.527342
	 -2.09 	 -0.38 	 23.43 	 -0.496512
	 -2.10 	 -0.35 	 23.46 	 -0.463585
	 -2.11 	 -0.32 	 23.49 	 -0.428654
	 -2.12 	 -0.29 	 23.52 	 -0.391815
	 -2.12 	 -0.25 	 23.55 	 -0.353164
	 -2.13 	 -0.22 	 23.58 	 -0.312798
	 -2.14 	 -0.19 	 23.61 	 -0.270817
	 -2.14 	 -0.16 	 23.64 	 -0.227319
	 -2.14 	 -0.12 	 23.67 	 -0.182406
	 -2.15 	 -0.09 	 23.70 	 -0.136179
	 -2.15 	 -0.06 	 23.73 	 -0.088741
	 -2.15 	 -0.03 	 23.76 	 -0.040197
	 -2.15 	 0.01 	 23.79 	 0.009350
	 -2.15 	 0.04 	 23.82 	 0.059792
	 -2.15 	 0.07 	 23.85 	 0.111021
	 -2.14 	 0.10 	 23.88 	 0.162929
	 -2.14 	 0.13 	 23.91 	 0.215405
	 -2.13 	 0.17 	 23.94 	 0.268337
	 -2.13 	 0.20 	 23.97 	 0.321612
	 -2.12 	 0.23 	 24.00 	 0.375116
	 -2.11 	 0.26 	 24.03 	 0.428732
	 -2.10 	 0.29 	 24.06 	 0.482344
	 -2.09 	 0.32 	 24.09 	 0.535833
	 -2.08 	 0.35 	 24.12 	 0.589081
	 -2.07 	 0.38 	 24.15 	 0.641968
	 -2.06 	 0.41 	 24.18 	 0.694372
	 -2.05 	 0.44 	 24.21 	 0.746173
	 -2.03 	 0.47 	 24.24 	 0.797250
	 -2.02 	 0.50 	 24.27 	 0.847483
	 -2.00 	 0.53 	 24.30 	 0.896750
	 -1.98 	 0.56 	 24.33 	 0.944932
	 -1.97 	 0.59 	 24.36 	 0.991912
	 -1.95 	 0.62 	 24.39 	 1.037573
	 -1.93 	 0.65 	 24.42 	 1.081802
	 -1.91 	 0.67 	 24.45 	 1.124487
	 -1.89 	 0.70 	 24.48 	 1.165521
	 -1.87 	 0.73 	 24.51 	 1.204799
	 -1.84 	 0.76 	 24.54 	 1.242223
	 -1.82 	 0.78 	 24.57 	 1.277698
	 -1.80 	 0.81 	 24.60 	 1.311135
	 -1.77 	 0.83 	 24.63 	 1.342453
	 -1.74 	 0.86 	 24.66 	 1.371576
	 -1.72 	 0.88 	 24.69 	 1.398436
	 -1.69 	 0.91 	 24.72 	 1.422973
	 -1.66 	 0.93 	 24.75 	 1.445137
	 -1.63 	 0.95 	 24.78 	 1.464885
	 -1.61 	 0.98 	 24.81 	 1.482185
	 -1.58 	 1.00 	 24.84 	 1.497015
	 -1.54 	 1.02 	 24.87 	 1.509364
	 -1.51 	 1.04 	 24.90 	 1.519231
	 -1.48 	 1.06 	 24.93 	 1.526628
	 -1.45 	 1.08 	 24.96 	 1.531576
	 -1.42 	 1.10 	 24.99 	 1.534110
	 -1.38 	 1.12 	 25.02 	 1.534274
	 -1.35 	 1.14 	 25.05 	 1.532127
	 -1.31 	 1.16 	 25.08 	 1.527737
	 -1.28 	 1.17 	 25.11 	 1.521185
	 -1.24 	 1.19 	 25.14 	 1.512563
	 -1.21 	 1.21 	 25.17 	 1.501972
	 -1.17 	 1.22 	 25.20 	 1.489526
	 -1.13 	 1.24 	 25.23 	 1.475347
	 -1.10 	 1.25 	 25.26 	 1.459567
	 -1.06 	 1.27 	 25.29 	 1.442325
	 -1.02 	 1.28 	 25.32 	 1.423769
	 -0.98 	 1.29 	 25.35 	 1.404053
	 -0.94 	 1.30 	 25.38 	 1.383337
	 -0.90 	 1.32 	 25.41 	 1.361785
	 -0.86 	 1.33 	 25.44 	 1.339565
	 -0.82 	 1.34 	 25.47 	 1.316848
	 -0.78 	 1.35 	 25.50 	 1.293804
	 -0.74 	 1.36 	 25.53 	 1.270605
	 -0.70 	 1.36 	 25.56 	 1.247420
	 -0.66 	 1.37 	 25.59 	 1.224418
	 -0.62 	 1.38 	 25.62 	 1.201761
	 -0.58 	 1.38 	 25.65 	 1.179607
	 -0.53 	 1.39 	 25.68 	 1.158110
	 -0.49 	 1.40 	 25.71 	 1.137413
	 -0.45 	 1.40 	 25.74 	 1.117654
	 -0.41 	 1.40 	 25.77 	 1.098958
	 -0.37 	 1.41 	 25.80 	 1.081442
	 -0.32 	 1.41 	 25.83 	 1.065212
	 -0.28 	 1.41 	 25.86 	 1.050359
	 -0.24 	 1.41 	 25.89 	 1.036963
	 -0.20 	 1.41 	 25.92 	 1.025092
	 -0.15 	 1.41 	 25.95 	 1.014799
	 -0.11 	 1.41 	 25.98 	 1.006121
	 -0.07 	 1.41 	 26.01 	 0.999083
	 -0.03 	 1.41 	 26.04 	 0.993696
	 0.02 	 1.41 	 26.07 	 0.989955
	 0.06 	 1.41 	 26.10 	 0.987841
	 0.10 	 1.40 	 26.13 	 0.987322
	 0.14 	 1.40 	 26.16 	 0.988352
	 0.18 	 1.39 	 26.19 	 0.990872
	 0.23 	 1.39 	 26.22 	 0.994810
	 0.27 	 1.38 	 26.25 	 1.000084
	 0.31 	 1.37 	 26.28 	 1.006600
	 0.35 	 1.37 	 26.31 	 1.014253
	 0.39 	 1.36 	 26.34 	 1.022932
	 0.43 	 1.35 	 26.37 	 1.032515
	 0.47 	 1.34 	 26.40 	 1.042874
	 0.51 	 1.33 	 26.43 	 1.053876
	 0.55 	 1.32 	 26.46 	 1.065384
	 0.59 	 1.31 	 26.49 	 1.077253
	 0.63 	 1.30 	 26.52 	 1.089342
	 0.67 	 1.29 	 26.55 	 1.101503
	 0.71 	 1.27 	 26.58 	 1.113591
	 0.74 	 1.26 	 26.61 	 1.125461
	 0.78 	 1.25 	 26.64 	 1.136970
	 0.82 	 1.23 	 26.67 	 1.147977
	 0.85 	 1.22 	 26.70 	 1.158348
	 0.89 	 1.20 	 26.73 	 1.167949
	 0.93 	 1.19 	 26.76 	 1.176656
	 0.96 	 1.17 	 26.79 	 1.184348
	 1.00 	 1.15 	 26.82 	 1.190914
	 1.03 	 1.14 	 26.85 	 1.196248
	 1.06 	 1.12 	 26.88 	 1.200253
	 1.10 	 1.10 	 26.91 	 1.202842
	 1.13 	 1.08 	 26.94 	 1.203934
	 1.16 	 1.06 	 26.97 	 1.203460
	 1.19 	 1.04 	 27.00 	 1.201359
	 1.22 	 1.02 	 27.03 	 1.197580
	 1.25 	 1.00 	 27.06 	 1.192081
	 1.28 	 0.98 	 27.09 	 1.184829
	 1.31 	 0.96 	 27.12 	 1.175804
	 1.34 	 0.94 	 27.15 	 1.164990
	 1.37 	 0.92 	 27.18 	 1.152383
	 1.39 	 0.90 	 27.21 	 1.137990
	 1.42 	 0.87 	 27.24 	 1.121821
	 1.45 	 0.85 	 27.27 	 1.103899
	 1.47 	 0.83 	 27.30 	 1.084253
	 1.49 	 0.80 	 27.33 	 1.062920
	 1.52 	 0.78 	 27.36 	 1.039942
	 1.54 	 0.75 	 27.39 	 1.015371
	 1.56 	 0.73 	 27.42 	 0.989262
	 1.58 	 0.71 	 27.45 	 0.961677
	 1.60 	 0.68 	 27.48 	 0.932683
	 1.62 	 0.65 	 27.51 	 0.902351
	 1.64 	 0.63 	 27.54 	 0.870758
	 1.66 	 0.60 	 27.57 	 0.837982
	 1.68 	 0.58 	 27.60 	 0.804107
	 1.69 	 0.55 	 27.63 	 0.769218
	 1.71 	 0.52 	 27.66 	 0.733402
	 1.73 	 0.50 	 27.69 	 0.696751
	 1.74 	 0.47 	 27.72 	 0.659354
	 1.75 	 0.44 	 27.75 	 0.621306
	 1.77 	 0.42 	 27.78 	 0.582699
	 1.78 	 0.39 	 27.81 	 0.543628
	 1.79 	 0.36 	 27.84 	 0.504187
	 1.80 	 0.33 	 27.87 	 0.464471
	 1.81 	 0.31 	 27.90 	 0.424574
	 1.82 	 0.28 	 27.93 	 0.384589
	 1.82 	 0.25 	 27.96 	 0.344611
	 1.83 	 0.22 	 27.99 	 0.304731
	 1.84 	 0.20 	 28.02 	 0.265040
	 1.84 	 0.17 	 28.05 	 0.225628
	 1.84 	 0.14 	 28.08 	 0.186584
	 1.85 	 0.11 	 28.11 	 0.147996
	 1.85 	 0.08 	 28.14 	 0.109949
	 1.85 	 0.06 	 28.17 	 0.072527
	 1.85 	 0.03 	 28.20 	 0.035814
	 1.85 	 -0.00 	 28.23 	 -0.000112
	 1.85 	 -0.03 	 28.26 	 -0.035169
	 1.85 	 -0.06 	 28.29 	 -0.069283
	 1.85 	 -0.08 	 28.32 	 -0.102376
	 1.84 	 -0.11 	 28.35 	 -0.134377
	 1.84 	 -0.14 	 28.38 	 -0.165214
	 1.84 	 -0.17 	 28.41 	 -0.194819
	 1.83 	 -0.19 	 28.44 	 -0.223125
	 1.82 	 -0.22 	 28.47 	 -0.250067
	 1.82 	 -0.25 	 28.50 	 -0.275584
	 1.81 	 -0.27 	 28.53 	 -0.299616
	 1.80 	 -0.30 	 28.56 	 -0.322106
	 1.79 	 -0.33 	 28.59 	 -0.343000
	 1.78 	 -0.35 	 28.62 	 -0.362246
	 1.77 	 -0.38 	 28.65 	 -0.379796
	 1.75 	 -0.40 	 28.68 	 -0.395604
	 1.74 	 -0.43 	 28.71 	 -0.409628
	 1.73 	 -0.46 	 28.74 	 -0.421829
	 1.71 	 -0.48 	 28.77 	 -0.432172
	 1.70 	 -0.50 	 28.80 	 -0.440626
	 1.68 	 -0.53 	 28.83 	 -0.447162
	 1.67 	 -0.55 	 28.86 	 -0.451759
	 1.65 	 -0.58 	 28.89 	 -0.454396
	 1.63 	 -0.60 	 28.92 	 -0.455060
	 1.61 	 -0.62 	 28.95 	 -0.453741
	 1.59 	 -0.65 	 28.98 	 -0.450435
	 1.57 	 -0.67 	 29.01 	 -0.445142
	 1.55 	 -0.69 	 29.04 	 -0.437870
	 1.53 	 -0.71 	 29.07 	 -0.428630
	 1.51 	 -0.74 	 29.10 	 -0.417440
	 1.49 	 -0.76 	 29.13 	 -0.404325
	 1.46 	 -0.78 	 29.16 	 -0.389314
	 1.44 	 -0.80 	 29.19 	 -0.372446
	 1.41 	 -0.82 	 29.22 	 -0.353762
	 1.39 	 -0.84 	 29.25 	 -0.333313
	 1.36 	 -0.86 	 29.28 	 -0.311156
	 1.34 	 -0.88 	 29.31 	 -0.287353
	 1.31 	 -0.89 	 29.34 	 -0.261975
	 1.28 	 -0.91 	 29.37 	 -0.235099
	 1.25 	 -0.93 	 29.40 	 -0.206808
	 1.23 	 -0.95 	 29.43 	 -0.177192
	 1.20 	 -0.96 	 29.46 	 -0.146348
	 1.17 	 -0.98 	 29.49 	 -0.114377
	 1.14 	 -0.99 	 29.52 	 -0.081388
	 1.11 	 -1.01 	 29.55 	 -0.047494
	 1.08 	 -1.02 	 29.58 	 -0.012816
	 1.05 	 -1.04 	 29.61 	 0.022524
	 1.01 	 -1.05 	 29.64 	 0.058396
	 0.98 	 -1.06 	 29.67 	 0.094670
	 0.95 	 -1.08 	 29.70 	 0.131208
	 0.92 	 -1.09 	 29.73 	 0.167872
	 0.88 	 -1.10 	 29.76 	 0.204522
	 0.85 	 -1.11 	 29.79 	 0.241015
	 0.82 	 -1.12 	 29.82 	 0.277208
	 0.78 	 -1.13 	 29.85 	 0.312957
	 0.75 	 -1.14 	 29.88 	 0.348120
	 0.71 	 -1.15 	 29.91 	 0.382555
	 0.68 	 -1.16 	 29.94 	 0.416121
	 0.65 	 -1.17 	 29.97 	 0.448682
	 0.61 	 -1.17 	 30.00 	 0.480103
	 0.57 	 -1.18 	 30.03 	 0.510256
	 0.54 	 -1.19 	 30.06 	 0.539015
	 0.50 	 -1.19 	 30.09 	 0.566262
	 0.47 	 -1.20 	 30.12 	 0.591883
	 0.43 	 -1.20 	 30.15 	 0.615774
	 0.39 	 -1.21 	 30.18 	 0.637835
	 0.36 	 -1.21 	 30.21 	 0.657977
	 0.32 	 -1.21 	 30.24 	 0.676118
	 0.29 	 -1.22 	 30.27 	 0.692187
	 0.25 	 -1.22 	 30.30 	 0.706119
	 0.21 	 -1.22 	 30.33 	 0.717863
	 0.18 	 -1.22 	 30.36 	 0.727375
	 0.14 	 -1.22 	 30.39 	 0.734624
	 0.10 	 -1.22 	 30.42 	 0.739588
	 0.07 	 -1.22 	 30.45 	 0.742256
	 0.03 	 -1.22 	 30.48 	 0.742627
	 -0.01 	 -1.22 	 30.51 	 0.740713
	 -0.04 	 -1.21 	 30.54 	 0.736534
	 -0.08 	 -1.21 	 30.57 	 0.730121
	 -0.12 	 -1.21 	 30.60 	 0.721517
	 -0.15 	 -1.20 	 30.63 	 0.710772
	 -0.19 	 -1.20 	 30.66 	 0.697948
	 -0.22 	 -1.19 	 30.69 	 0.683113
	 -0.26 	 -1.19 	 30.72 	 0.666347
	 -0.29 	 -1.18 	 30.75 	 0.647735
	 -0.33 	 -1.17 	 30.78 	 0.627373
	 -0.36 	 -1.17 	 30.81 	 0.605359
	 -0.40 	 -1.16 	 30.84 	 0.581801
	 -0.43 	 -1.15 	 30.87 	 0.556813
	 -0.47 	 -1.14 	 30.90 	 0.530510
	 -0.50 	 -1.13 	 30.93 	 0.503014
	 -0.54 	 -1.12 	 30.96 	 0.474451
	 -0.57 	 -1.11 	 30.99 	 0.444948
	 -0.60 	 -1.10 	 31.02 	 0.414635
	 -0.63 	 -1.09 	 31.05 	 0.383643
	 -0.67 	 -1.08 	 31.08 	 0.352104
	 -0.70 	 -1.07 	 31.11 	 0.320150
	 -0.73 	 -1.05 	 31.14 	 0.287911
	 -0.76 	 -1.04 	 31.17 	 0.255519
	 -0.79 	 -1.03 	 31.20 	 0.223101
	 -0.82 	 -1.01 	 31.23 	 0.190782
	 -0.85 	 -1.00 	 31.26 	 0.158686
	 -0.88 	 -0.98 	 31.29 	 0.126931
	 -0.91 	 -0.97 	 31.32 	 0.095634
	 -0.94 	 -0.95 	 31.35 	 0.064904
	 -0.97 	 -0.94 	 31.38 	 0.034850
	 -1.00 	 -0.92 	 31.41 	 0.005571
	 -1.02 	 -0.90 	 31.44 	 -0.022835
	 -1.05 	 -0.89 	 31.47 	 -0.050277
	 -1.08 	 -0.87 	 31.50 	 -0.076672
	 -1.10 	 -0.85 	 31.53 	 -0.101939
	 -1.13 	 -0.83 	 31.56 	 -0.126006
	 -1.15 	 -0.81 	 31.59 	 -0.148805
	 -1.17 	 -0.80 	 31.62 	 -0.170275
	 -1.20 	 -0.78 	 31.65 	 -0.190362
	 -1.22 	 -0.76 	 31.68 	 -0.209016
	 -1.24 	 -0.74 	 31.71 	 -0.226195
	 -1.26 	 -0.72 	 31.74 	 -0.241862
	 -1.28 	 -0.70 	 31.77 	 -0.255987
	 -1.30 	 -0.68 	 31.80 	 -0.268544
	 -1.32 	 -0.65 	 31.83 	 -0.279514
	 -1.34 	 -0.63 	 31.86 	 -0.288883
	 -1.36 	 -0.61 	 31.89 	 -0.296642
	 -1.38 	 -0.59 	 31.92 	 -0.302788
	 -1.40 	 -0.57 	 31.95 	 -0.307323
	 -1.41 	 -0.55 	 31.98 	 -0.310253
	 -1.43 	 -0.52 	 32.01 	 -0.311589
	 -1.44 	 -0.50 	 32.04 	 -0.311346
	 -1.46 	 -0.48 	 32.07 	 -0.309543
	 -1.47 	 -0.46 	 32.10 	 -0.306205
	 -1.48 	 -0.43 	 32.13 	 -0.301357
	 -1.50 	 -0.41 	 32.16 	 -0.295031
	 -1.51 	 -0.39 	 32.19 	 -0.287260
	 -1.52 	 -0.36 	 32.22 	 -0.278083
	 -1.53 	 -0.34 	 32.25 	 -0.267538
	 -1.54 	 -0.32 	 32.28 	 -0.255670
	 -1.55 	 -0.29 	 32.31 	 -0.242522
	 -1.56 	 -0.27 	 32.34 	 -0.228144
	 -1.56 	 -0.24 	 32.37 	 -0.212586
	 -1.57 	 -0.22 	 32.40 	 -0.195899
	 -1.58 	 -0.20 	 32.43 	 -0.178139
	 -1.58 	 -0.17 	 32.46 	 -0.159361
	 -1.59 	 -0.15 	 32.49 	 -0.139623
	 -1.59 	 -0.12 	 32.52 	 -0.118984
	 -1.59 	 -0.10 	 32.55 	 -0.097504
	 -1.59 	 -0.08 	 32.58 	 -0.075247
	 -1.60 	 -0.05 	 32.61 	 -0.052274
	 -1.60 	 -0.03 	 32.64 	 -0.028650
	 -1.60 	 -0.00 	 32.67 	 -0.004439
	 -1.60 	 0.02 	 32.70 	 0.020292
	 -1.60 	 0.04 	 32.73 	 0.045478
	 -1.59 	 0.07 	 32.76 	 0.071052
	 -1.59 	 0.09 	 32.79 	 0.096946
	 -1.59 	 0.11 	 32.82 	 0.123093
	 -1.58 	 0.14 	 32.85 	 0.149427
	 -1.58 	 0.16 	 32.88 	 0.175878
	 -1.57 	 0.19 	 32.91 	 0.202381
	 -1.57 	 0.21 	 32.94 	 0.228868
	 -1.56 	 0.23 	 32.97 	 0.255272
	 -1.55 	 0.25 	 33.00 	 0.281528
	 -1.54 	 0.28 	 33.03 	 0.307571
	 -1.53 	 0.30 	 33.06 	 0.333336
	 -1.52 	 0.32 	 33.09 	 0.358759
	 -1.51 	 0.34 	 33.12 	 0.383780
	 -1.50 	 0.37 	 33.15 	 0.408338
	 -1.49 	 0.39 	 33.18 	 0.432374
	 -1.48 	 0.41 	 33.21 	 0.455831
	 -1.47 	 0.43 	 33.24 	 0.478655
	 -1.45 	 0.45 	 33.27 	 0.500791
	 -1.44 	 0.47 	 33.30 	 0.522191
	 -1.42 	 0.49 	 33.33 	 0.542806
	 -1.41 	 0.51 	 33.36 	 0.562591
	 -1.39 	 0.53 	 33.39 	 0.581504
	 -1.38 	 0.55 	 33.42 	 0.599506
	 -1.36 	 0.57 	 33.45 	 0.616562
	 -1.34 	 0.59 	 33.48 	 0.632638
	 -1.32 	 0.61 	 33.51 	 0.647708
	 -1.30 	 0.63 	 33.54 	 0.661745
	 -1.28 	 0.65 	 33.57 	 0.674729
	 -1.26 	 0.67 	 33.60 	 0.686643
	 -1.24 	 0.68 	 33.63 	 0.697475
	 -1.22 	 0.70 	 33.66 	 0.707216
	 -1.20 	 0.72 	 33.69 	 0.715862
	 -1.18 	 0.74 	 33.72 	 0.723413
	 -1.16 	 0.75 	 33.75 	 0.729875
	 -1.13 	 0.77 	 33.78 	 0.735256
	 -1.11 	 0.78 	 33.81 	 0.739570
	 -1.09 	 0.80 	 33.84 	 0.742836
	 -1.06 	 0.81 	 33.87 	 0.745075
	 -1.04 	 0.83 	 33.90 	 0.746314
	 -1.01 	 0.84 	 33.93 	 0.746584
	 -0.99 	 0.85 	 33.96 	 0.745920
	 -0.96 	 0.87 	 33.99 	 0.744360
	 -0.93 	 0.88 	 34.02 	 0.741948
	 -0.91 	 0.89 	 34.05 	 0.738728
	 -0.88 	 0.90 	 34.08 	 0.734749
	 -0.85 	 0.92 	 34.11 	 0.730065
	 -0.82 	 0.93 	 34.14 	 0.724728
	 -0.80 	 0.94 	 34.17 	 0.718797
	 -0.77 	 0.95 	 34.20 	 0.712330
	 -0.74 	 0.96 	 34.23 	 0.705387
	 -0.71 	 0.97 	 34.26 	 0.698032
	 -0.68 	 0.97 	 34.29 	 0.690326
	 -0.65 	 0.98 	 34.32 	 0.682334
	 -0.62 	 0.99 	 34.35 	 0.674120
	 -0.59 	 1.00 	 34.38 	 0.665746
	 -0.56 	 1.00 	 34.41 	 0.657276
	 -0.53 	 1.01 	 34.44 	 0.648771
	 -0.50 	 1.02 	 34.47 	 0.640293
	 -0.47 	 1.02 	 34.50 	 0.631901
	 -0.44 	 1.03 	 34.53 	 0.623650
	 -0.41 	 1.03 	 34.56 	 0.615596
	 -0.38 	 1.04 	 34.59 	 0.607789
	 -0.35 	 1.04 	 34.62 	 0.600278
	 -0.31 	 1.04 	 34.65 	 0.593107
	 -0.28 	 1.05 	 34.68 	 0.586318
	 -0.25 	 1.05 	 34.71 	 0.579949
	 -0.22 	 1.05 	 34.74 	 0.574030
	 -0.19 	 1.05 	 34.77 	 0.568592
	 -0.16 	 1.05 	 34.80 	 0.563658
	 -0.13 	 1.05 	 34.83 	 0.559247
	 -0.09 	 1.05 	 34.86 	 0.555374
	 -0.06 	 1.05 	 34.89 	 0.552048
	 -0.03 	 1.05 	 34.92 	 0.549274
	 0.00 	 1.05 	 34.95 	 0.547053
	 0.03 	 1.05 	 34.98 	 0.545378
	 0.06 	 1.04 	 35.01 	 0.544241
	 0.09 	 1.04 	 35.04 	 0.543627
	 0.13 	 1.04 	 35.07 	 0.543519
	 0.16 	 1.03 	 35.10 	 0.543892
	 0.19 	 1.03 	 35.13 	 0.544719
	 0.22 	 1.02 	 35.16 	 0.545971
	 0.25 	 1.02 	 35.19 	 0.547613
	 0.28 	 1.01 	 35.22 	 0.549606
	 0.31 	 1.01 	 35.25 	 0.551910
	 0.34 	 1.00 	 35.28 	 0.554482
	 0.37 	 0.99 	 35.31 	 0.557276
	 0.40 	 0.99 	 35.34 	 0.560244
	 0.43 	 0.98 	 35.37 	 0.563337
	 0.46 	 0.97 	 35.40 	 0.566503
	 0.49 	 0.96 	 35.43 	 0.569692
	 0.51 	 0.95 	 35.46 	 0.572850
	 0.54 	 0.94 	 35.49 	 0.575925
	 0.57 	 0.93 	 35.52 	 0.578865
	 0.60 	 0.92 	 35.55 	 0.581618
	 0.62 	 0.91 	 35.58 	 0.584132
	 0.65 	 0.90 	 35.61 	 0.586357
	 0.68 	 0.89 	 35.64 	 0.588244
	 0.70 	 0.88 	 35.67 	 0.589746
	 0.73 	 0.86 	 35.70 	 0.590819
	 0.76 	 0.85 	 35.73 	 0.591418
	 0.78 	 0.84 	 35.76 	 0.591505
	 0.81 	 0.82 	 35.79 	 0.591040
	 0.83 	 0.81 	 35.82 	 0.589989
	 0.85 	 0.80 	 35.85 	 0.588320
	 0.88 	 0.78 	 35.88 	 0.586004
	 0.90 	 0.77 	 35.91 	 0.583016
	 0.92 	 0.75 	 35.94 	 0.579333
	 0.95 	 0.74 	 35.97 	 0.574936
	 0.97 	 0.72 	 36.00 	 0.569812
	 0.99 	 0.70 	 36.03 	 0.563947
	 1.01 	 0.69 	 36.06 	 0.557334
	 1.03 	 0.67 	 36.09 	 0.549967
	 1.05 	 0.66 	 36.12 	 0.541847
	 1.07 	 0.64 	 36.15 	 0.532976
	 1.09 	 0.62 	 36.18 	 0.523359
	 1.10 	 0.60 	 36.21 	 0.513005
	 1.12 	 0.59 	 36.24 	 0.501927
	 1.14 	 0.57 	 36.27 	 0.490141
	 1.16 	 0.55 	 36.30 	 0.477665
	 1.17 	 0.53 	 36.33 	 0.464520
	 1.19 	 0.51 	 36.36 	 0.450731
	 1.20 	 0.49 	 36.39 	 0.436324
	 1.22 	 0.47 	 36.42 	 0.421330
	 1.23 	 0.46 	 36.45 	 0.405779
	 1.24 	 0.44 	 36.48 	 0.389706
	 1.26 	 0.42 	 36.51 	 0.373146
	 1.27 	 0.40 	 36.54 	 0.356138
	 1.28 	 0.38 	 36.57 	 0.338720
	 1.29 	 0.36 	 36.60 	 0.320933
	 1.30 	 0.34 	 36.63 	 0.302821
	 1.31 	 0.32 	 36.66 	 0.284426
	 1.32 	 0.30 	 36.69 	 0.265793
	 1.33 	 0.28 	 36.72 	 0.246967
	 1.33 	 0.26 	 36.75 	 0.227995
	 1.34 	 0.24 	 36.78 	 0.208924
	 1.35 	 0.21 	 36.81 	 0.189800
	 1.35 	 0.19 	 36.84 	 0.170672
	 1.36 	 0.17 	 36.87 	 0.151586
	 1.36 	 0.15 	 36.90 	 0.132591
	 1.37 	 0.13 	 36.93 	 0.113734
	 1.37 	 0.11 	 36.96 	 0.095063
	 1.37 	 0.09 	 36.99 	 0.076624
	 1.37 	 0.07 	 37.02 	 0.058464
	 1.38 	 0.05 	 37.05 	 0.040629
	 1.38 	 0.03 	 37.08 	 0.023164
	 1.38 	 0.01 	 37.11 	 0.006113
	 1.38 	 -0.01 	 37.14 	 -0.010479
	 1.38 	 -0.03 	 37.17 	 -0.026571
	 1.37 	 -0.05 	 37.20 	 -0.042122
	 1.37 	 -0.07 	 37.23 	 -0.057091
	 1.37 	 -0.10 	 37.26 	 -0.071440
	 1.37 	 -0.12 	 37.29 	 -0.085132
	 1.36 	 -0.14 	 37.32 	 -0.098130
	 1.36 	 -0.16 	 37.35 	 -0.110400
	 1.35 	 -0.18 	 37.38 	 -0.121911
	 1.35 	 -0.20 	 37.41 	 -0.132632
	 1.34 	 -0.22 	 37.44 	 -0.142533
	 1.33 	 -0.24 	 37.47 	 -0.151588
	 1.32 	 -0.25 	 37.50 	 -0.159772
	 1.32 	 -0.27 	 37.53 	 -0.167063
	 1.31 	 -0.29 	 37.56 	 -0.173441
	 1.30 	 -0.31 	 37.59 	 -0.178886
	 1.29 	 -0.33 	 37.62 	 -0.183385
	 1.28 	 -0.35 	 37.65 	 -0.186922
	 1.27 	 -0.37 	 37.68 	 -0.189489
	 1.26 	 -0.39 	 37.71 	 -0.191076
	 1.24 	 -0.40 	 37.74 	 -0.191678
	 1.23 	 -0.42 	 37.77 	 -0.191292
	 1.22 	 -0.44 	 37.80 	 -0.189919
	 1.20 	 -0.46 	 37.83 	 -0.187562
	 1.19 	 -0.47 	 37.86 	 -0.184225
	 1.17 	 -0.49 	 37.89 	 -0.179918
	 1.16 	 -0.51 	 37.92 	 -0.174653
	 1.14 	 -0.52 	 37.95 	 -0.168444
	 1.13 	 -0.54 	 37.98 	 -0.161308
	 1.11 	 -0.56 	 38.01 	 -0.153266
	 1.09 	 -0.57 	 38.04 	 -0.144343
	 1.08 	 -0.59 	 38.07 	 -0.134563
	 1.06 	 -0.60 	 38.10 	 -0.123957
	 1.04 	 -0.62 	 38.13 	 -0.112556
	 1.02 	 -0.63 	 38.16 	 -0.100397
	 1.00 	 -0.65 	 38.19 	 -0.087517
	 0.98 	 -0.66 	 38.22 	 -0.073956
	 0.96 	 -0.67 	 38.25 	 -0.059758
	 0.94 	 -0.69 	 38.28 	 -0.044969
	 0.92 	 -0.70 	 38.31 	 -0.029636
	 0.90 	 -0.71 	 38.34 	 -0.013811
	 0.88 	 -0.72 	 38.37 	 0.002455
	 0.85 	 -0.73 	 38.40 	 0.019108
	 0.83 	 -0.75 	 38.43 	 0.036090
	 0.81 	 -0.76 	 38.46 	 0.053344
	 0.79 	 -0.77 	 38.49 	 0.070812
	 0.76 	 -0.78 	 38.52 	 0.088432
	 0.74 	 -0.79 	 38.55 	 0.106143
	 0.72 	 -0.80 	 38.58 	 0.123885
	 0.69 	 -0.81 	 38.61 	 0.141593
	 0.67 	 -0.81 	 38.64 	 0.159206
	 0.64 	 -0.82 	 38.67 	 0.176660
	 0.62 	 -0.83 	 38.70 	 0.193893
	 0.59 	 -0.84 	 38.73 	 0.210844
	 0.57 	 -0.85 	 38.76 	 0.227452
	 0.54 	 -0.85 	 38.79 	 0.243655
	 0.52 	 -0.86 	 38.82 	 0.259396
	 0.49 	 -0.87 	 38.85 	 0.274618
	 0.46 	 -0.87 	 38.88 	 0.289265
	 0.44 	 -0.88 	 38.91 	 0.303284
	 0.41 	 -0.88 	 38.94 	 0.316624
	 0.38 	 -0.89 	 38.97 	 0.329237
	 0.36 	 -0.89 	 39.00 	 0.341078
	 0.33 	 -0.89 	 39.03 	 0.352104
	 0.30 	 -0.90 	 39.06 	 0.362276
	 0.28 	 -0.90 	 39.09 	 0.371558
	 0.25 	 -0.90 	 39.12 	 0.379918
	 0.22 	 -0.90 	 39.15 	 0.387327
	 0.20 	 -0.90 	 39.18 	 0.393760
	 0.17 	 -0.91 	 39.21 	 0.399196
	 0.14 	 -0.91 	 39.24 	 0.403619
	 0.11 	 -0.91 	 39.27 	 0.407017
	 0.09 	 -0.91 	 39.30 	 0.409379
	 0.06 	 -0.91 	 39.33 	 0.410703
	 0.03 	 -0.91 	 39.36 	 0.410987
	 0.00 	 -0.90 	 39.39 	 0.410236
	 -0.02 	 -0.90 	 39.42 	 0.408458
	 -0.05 	 -0.90 	 39.45 	 0.405664
	 -0.08 	 -0.90 	 39.48 	 0.401872
	 -0.10 	 -0.89 	 39.51 	 0.397100
	 -0.13 	 -0.89 	 39.54 	 0.391373
	 -0.16 	 -0.89 	 39.57 	 0.384718
	 -0.18 	 -0.88 	 39.60 	 0.377166
	 -0.21 	 -0.88 	 39.63 	 0.368751
	 -0.24 	 -0.87 	 39.66 	 0.359510
	 -0.26 	 -0.87 	 39.69 	 0.349484
	 -0.29 	 -0.86 	 39.72 	 0.338715
	 -0.31 	 -0.86 	 39.75 	 0.327248
	 -0.34 	 -0.85 	 39.78 	 0.315132
	 -0.36 	 -0.84 	 39.81 	 0.302415
	 -0.39 	 -0.84 	 39.84 	 0.289149
	 -0.41 	 -0.83 	 39.87 	 0.275388
	 -0.44 	 -0.82 	 39.90 	 0.261184
	 -0.46 	 -0.81 	 39.93 	 0.246594
	 -0.49 	 -0.80 	 39.96 	 0.231674
	 -0.51 	 -0.80 	 39.99 	 0.216479
	 -0.53 	 -0.79 	 40.02 	 0.201066
	 -0.56 	 -0.78 	 40.05 	 0.185494
	 -0.58 	 -0.77 	 40.08 	 0.169817
	 -0.60 	 -0.76 	 40.11 	 0.154092
	 -0.63 	 -0.75 	 40.14 	 0.138375
	 -0.65 	 -0.74 	 40.17 	 0.122720
	 -0.67 	 -0.72 	 40.20 	 0.107182
	 -0.69 	 -0.71 	 40.23 	 0.091812
	 -0.71 	 -0.70 	 40.26 	 0.076661
	 -0.73 	 -0.69 	 40.29 	 0.061779
	 -0.75 	 -0.68 	 40.32 	 0.047213
	 -0.77 	 -0.66 	 40.35 	 0.033009
	 -0.79 	 -0.65 	 40.38 	 0.019210
	 -0.81 	 -0.64 	 40.41 	 0.005860
	 -0.83 	 -0.62 	 40.44 	 -0.007005
	 -0.85 	 -0.61 	 40.47 	 -0.019346
	 -0.87 	 -0.60 	 40.50 	 -0.031128
	 -0.88 	 -0.58 	 40.53 	 -0.042321
	 -0.90 	 -0.57 	 40.56 	 -0.052893
	 -0.92 	 -0.55 	 40.59 	 -0.062819
	 -0.93 	 -0.54 	 40.62 	 -0.072073
	 -0.95 	 -0.52 	 40.65 	 -0.080635
	 -0.96 	 -0.51 	 40.68 	 -0.088484
	 -0.98 	 -0.49 	 40.71 	 -0.095604
	 -0.99 	 -0.48 	 40.74 	 -0.101982
	 -1.01 	 -0.46 	 40.77 	 -0.107605
	 -1.02 	 -0.44 	 40.80 	 -0.112466
	 -1.03 	 -0.43 	 40.83 	 -0.116558
	 -1.05 	 -0.41 	 40.86 	 -0.119876
	 -1.06 	 -0.40 	 40.89 	 -0.122421
	 -1.07 	 -0.38 	 40.92 	 -0.124192
	 -1.08 	 -0.36 	 40.95 	 -0.125194
	 -1.09 	 -0.35 	 40.98 	 -0.125431
	 -1.10 	 -0.33 	 41.01 	 -0.124912
	 -1.11 	 -0.31 	 41.04 	 -0.123647
	 -1.12 	 -0.29 	 41.07 	 -0.121647
	 -1.13 	 -0.28 	 41.10 	 -0.118927
	 -1.13 	 -0.26 	 41.13 	 -0.115502
	 -1.14 	 -0.24 	 41.16 	 -0.111389
	 -1.15 	 -0.22 	 41.19 	 -0.106609
	 -1.15 	 -0.21 	 41.22 	 -0.101181
	 -1.16 	 -0.19 	 41.25 	 -0.095128
	 -1.17 	 -0.17 	 41.28 	 -0.088475
	 -1.17 	 -0.15 	 41.31 	 -0.081246
	 -1.17 	 -0.14 	 41.34 	 -0.073467
	 -1.18 	 -0.12 	 41.37 	 -0.065166
	 -1.18 	 -0.10 	 41.40 	 -0.056372
	 -1.18 	 -0.08 	 41.43 	 -0.047115
	 -1.18 	 -0.06 	 41.46 	 -0.037423
	 -1.19 	 -0.05 	 41.49 	 -0.027330
	 -1.19 	 -0.03 	 41.52 	 -0.016866
	 -1.19 	 -0.01 	 41.55 	 -0.006065
	 -1.19 	 0.01 	 41.58 	 0.005042
	 -1.19 	 0.03 	 41.61 	 0.016420
	 -1.19 	 0.04 	 41.64 	 0.028037
	 -1.18 	 0.06 	 41.67 	 0.039857
	 -1.18 	 0.08 	 41.70 	 0.051848
	 -1.18 	 0.10 	 41.73 	 0.063976
	 -1.17 	 0.11 	 41.76 	 0.076205
	 -1.17 	 0.13 	 41.79 	 0.088504
	 -1.17 	 0.15 	 41.82 	 0.100838
	 -1.16 	 0.17 	 41.85 	 0.113175
	 -1.16 	 0.18 	 41.88 	 0.125481
	 -1.15 	 0.20 	 41.91 	 0.137725
	 -1.14 	 0.22 	 41.94 	 0.149875
	 -1.14 	 0.23 	 41.97 	 0.161901
	 -1.13 	 0.25 	 42.00 	 0.173773
	 -1.12 	 0.27 	 42.03 	 0.185462
	 -1.11 	 0.28 	 42.06 	 0.196940
	 -1.10 	 0.30 	 42.09 	 0.208180
	 -1.09 	 0.31 	 42.12 	 0.219157
	 -1.08 	 0.33 	 42.15 	 0.229845
	 -1.07 	 0.35 	 42.18 	 0.240222
	 -1.06 	 0.36 	 42.21 	 0.250267
	 -1.05 	 0.38 	 42.24 	 0.259958
	 -1.04 	 0.39 	 42.27 	 0.269277
	 -1.03 	 0.41 	 42.30 	 0.278207
	 -1.01 	 0.42 	 42.33 	 0.286731
	 -1.00 	 0.44 	 42.36 	 0.294837
	 -0.99 	 0.45 	 42.39 	 0.302512
	 -0.97 	 0.46 	 42.42 	 0.309746
	 -0.96 	 0.48 	 42.45 	 0.316529
	 -0.95 	 0.49 	 42.48 	 0.322855
	 -0.93 	 0.50 	 42.51 	 0.328720
	 -0.91 	 0.52 	 42.54 	 0.334119
	 -0.90 	 0.53 	 42.57 	 0.339052
	 -0.88 	 0.54 	 42.60 	 0.343518
	 -0.87 	 0.55 	 42.63 	 0.347521
	 -0.85 	 0.57 	 42.66 	 0.351065
	 -0.83 	 0.58 	 42.69 	 0.354155
	 -0.81 	 0.59 	 42.72 	 0.356799
	 -0.80 	 0.60 	 42.75 	 0.359006
	 -0.78 	 0.61 	 42.78 	 0.360787
	 -0.76 	 0.62 	 42.81 	 0.362154
	 -0.74 	 0.63 	 42.84 	 0.363123
	 -0.72 	 0.64 	 42.87 	 0.363707
	 -0.70 	 0.65 	 42.90 	 0.363923
	 -0.68 	 0.66 	 42.93 	 0.363790
	 -0.66 	 0.67 	 42.96 	 0.363326
	 -0.64 	 0.68 	 42.99 	 0.362552
	 -0.62 	 0.69 	 43.02 	 0.361488
	 -0.60 	 0.69 	 43.05 	 0.360155
	 -0.58 	 0.70 	 43.08 	 0.358577
	 -0.56 	 0.71 	 43.11 	 0.356776
	 -0.54 	 0.72 	 43.14 	 0.354775
	 -0.51 	 0.72 	 43.17 	 0.352598
	 -0.49 	 0.73 	 43.20 	 0.350267
	 -0.47 	 0.73 	 43.23 	 0.347808
	 -0.45 	 0.74 	 43.26 	 0.345243
	 -0.43 	 0.75 	 43.29 	 0.342595
	 -0.40 	 0.75 	 43.32 	 0.339887
	 -0.38 	 0.75 	 43.35 	 0.337141
	 -0.36 	 0.76 	 43.38 	 0.334379
	 -0.34 	 0.76 	 43.41 	 0.331621
	 -0.31 	 0.77 	 43.44 	 0.328887
	 -0.29 	 0.77 	 43.47 	 0.326195
	 -0.27 	 0.77 	 43.50 	 0.323564
	 -0.24 	 0.77 	 43.53 	 0.321009
	 -0.22 	 0.78 	 43.56 	 0.318547
	 -0.20 	 0.78 	 43.59 	 0.316189
	 -0.17 	 0.78 	 43.62 	 0.313949
	 -0.15 	 0.78 	 43.65 	 0.311837
	 -0.13 	 0.78 	 43.68 	 0.309862
	 -0.10 	 0.78 	 43.71 	 0.308031
	 -0.08 	 0.78 	 43.74 	 0.306351
	 -0.06 	 0.78 	 43.77 	 0.304825
	 -0.03 	 0.78 	 43.80 	 0.303456
	 -0.01 	 0.78 	 43.83 	 0.302245
	 0.01 	 0.78 	 43.86 	 0.301190
	 0.04 	 0.78 	 43.89 	 0.300289
	 0.06 	 0.77 	 43.92 	 0.299539
	 0.08 	 0.77 	 43.95 	 0.298932
	 0.11 	 0.77 	 43.98 	 0.298463
	 0.13 	 0.77 	 44.01 	 0.298122
	 0.15 	 0.76 	 44.04 	 0.297899
	 0.18 	 0.76 	 44.07 	 0.297783
	 0.20 	 0.75 	 44.10 	 0.297762
	 0.22 	 0.75 	 44.13 	 0.297821
	 0.24 	 0.74 	 44.16 	 0.297947
	 0.27 	 0.74 	 44.19 	 0.298123
	 0.29 	 0.73 	 44.22 	 0.298333
	 0.31 	 0.73 	 44.25 	 0.298561
	 0.33 	 0.72 	 44.28 	 0.298789
	 0.35 	 0.72 	 44.31 	 0.298998
	 0.37 	 0.71 	 44.34 	 0.299171
	 0.40 	 0.70 	 44.37 	 0.299288
	 0.42 	 0.69 	 44.40 	 0.299332
	 0.44 	 0.69 	 44.43 	 0.299283
	 0.46 	 0.68 	 44.46 	 0.299124
	 0.48 	 0.67 	 44.49 	 0.298836
	 0.50 	 0.66 	 44.52 	 0.298401
	 0.52 	 0.65 	 44.55 	 0.297802
	 0.54 	 0.64 	 44.58 	 0.297023
	 0.56 	 0.64 	 44.61 	 0.296047
	 0.57 	 0.63 	 44.64 	 0.294860
	 0.59 	 0.62 	 44.67 	 0.293447
	 0.61 	 0.61 	 44.70 	 0.291795
	 0.63 	 0.60 	 44.73 	 0.289891
	 0.65 	 0.58 	 44.76 	 0.287725
	 0.66 	 0.57 	 44.79 	 0.285286
	 0.68 	 0.56 	 44.82 	 0.282565
	 0.70 	 0.55 	 44.85 	 0.279556
	 0.71 	 0.54 	 44.88 	 0.276251
	 0.73 	 0.53 	 44.91 	 0.272647
	 0.74 	 0.52 	 44.94 	 0.268739
	 0.76 	 0.50 	 44.97 	 0.264525
	 0.77 	 0.49 	 45.00 	 0.260005
	 0.79 	 0.48 	 45.03 	 0.255180
	 0.80 	 0.47 	 45.06 	 0.250051
	 0.82 	 0.45 	 45.09 	 0.244622
	 0.83 	 0.44 	 45.12 	 0.238897
	 0.84 	 0.43 	 45.15 	 0.232884
	 0.85 	 0.41 	 45.18 	 0.226589
	 0.87 	 0.40 	 45.21 	 0.220021
	 0.88 	 0.39 	 45.24 	 0.213190
	 0.89 	 0.37 	 45.27 	 0.206108
	 0.90 	 0.36 	 45.30 	 0.198787
	 0.91 	 0.34 	 45.33 	 0.191240
	 0.92 	 0.33 	 45.36 	 0.183482
	 0.93 	 0.31 	 45.39 	 0.175529
	 0.94 	 0.30 	 45.42 	 0.167397
	 0.95 	 0.29 	 45.45 	 0.159103
	 0.96 	 0.27 	 45.48 	 0.150667
	 0.96 	 0.26 	 45.51 	 0.142105
	 0.97 	 0.24 	 45.54 	 0.133439
	 0.98 	 0.23 	 45.57 	 0.124689
	 0.98 	 0.21 	 45.60 	 0.115875
	 0.99 	 0.20 	 45.63 	 0.107018
	 0.99 	 0.18 	 45.66 	 0.098140
	 1.00 	 0.17 	 45.69 	 0.089263
	 1.00 	 0.15 	 45.72 	 0.080410
	 1.01 	 0.13 	 45.75 	 0.071602
	 1.01 	 0.12 	 45.78 	 0.062862
	 1.01 	 0.10 	 45.81 	 0.054212
	 1.02 	 0.09 	 45.84 	 0.045675
	 1.02 	 0.07 	 45.87 	 0.037273
	 1.02 	 0.06 	 45.90 	 0.029028
	 1.02 	 0.04 	 45.93 	 0.020962
	 1.02 	 0.03 	 45.96 	 0.013097
	 1.02 	 0.01 	 45.99 	 0.005453
	 1.02 	 -0.00 	 46.02 	 -0.001949
	 1.02 	 -0.02 	 46.05 	 -0.009088
	 1.02 	 -0.03 	 46.08 	 -0.015946
	 1.02 	 -0.05 	 46.11 	 -0.022503
	 1.02 	 -0.07 	 46.14 	 -0.028741
	 1.02 	 -0.08 	 46.17 	 -0.034643
	 1.01 	 -0.10 	 46.20 	 -0.040192
	 1.01 	 -0.11 	 46.23 	 -0.045373
	 1.01 	 -0.13 	 46.26 	 -0.050171
	 1.00 	 -0.14 	 46.29 	 -0.054572
	 1.00 	 -0.15 	 46.32 	 -0.058563
	 0.99 	 -0.17 	 46.35 	 -0.062133
	 0.99 	 -0.18 	 46.38 	 -0.065271
	 0.98 	 -0.20 	 46.41 	 -0.067968
	 0.97 	 -0.21 	 46.44 	 -0.070216
	 0.97 	 -0.23 	 46.47 	 -0.072008
	 0.96 	 -0.24 	 46.50 	 -0.073337
	 0.95 	 -0.26 	 46.53 	 -0.074201
	 0.94 	 -0.27 	 46.56 	 -0.074595
	 0.94 	 -0.28 	 46.59 	 -0.074518
	 0.93 	 -0.30 	 46.62 	 -0.073970
	 0.92 	 -0.31 	 46.65 	 -0.072951
	 0.91 	 -0.32 	 46.68 	 -0.071465
	 0.90 	 -0.34 	 46.71 	 -0.069515
	 0.89 	 -0.35 	 46.74 	 -0.067107
	 0.88 	 -0.36 	 46.77 	 -0.064246
	 0.87 	 -0.37 	 46.80 	 -0.060941
	 0.85 	 -0.39 	 46.83 	 -0.057202
	 0.84 	 -0.40 	 46.86 	 -0.053040
	 0.83 	 -0.41 	 46.89 	 -0.048465
	 0.82 	 -0.42 	 46.92 	 -0.043493
	 0.80 	 -0.43 	 46.95 	 -0.038138
	 0.79 	 -0.44 	 46.98 	 -0.032416
	 0.78 	 -0.45 	 47.01 	 -0.026344
	 0.76 	 -0.47 	 47.04 	 -0.019942
	 0.75 	 -0.48 	 47.07 	 -0.013227
	 0.73 	 -0.49 	 47.10 	 -0.006222
	 0.72 	 -0.50 	 47.13 	 0.001051
	 0.70 	 -0.51 	 47.16 	 0.008571
	 0.69 	 -0.52 	 47.19 	 0.016313
	 0.67 	 -0.52 	 47.22 	 0.024254
	 0.66 	 -0.53 	 47.25 	 0.032366
	 0.64 	 -0.54 	 47.28 	 0.040626
	 0.62 	 -0.55 	 47.31 	 0.049006
	 0.61 	 -0.56 	 47.34 	 0.057479
	 0.59 	 -0.57 	 47.37 	 0.066017
	 0.57 	 -0.58 	 47.40 	 0.074594
	 0.56 	 -0.58 	 47.43 	 0.083181
	 0.54 	 -0.59 	 47.46 	 0.091750
	 0.52 	 -0.60 	 47.49 	 0.100272
	 0.50 	 -0.60 	 47.52 	 0.108721
	 0.48 	 -0.61 	 47.55 	 0.117067
	 0.47 	 -0.62 	 47.58 	 0.125284
	 0.45 	 -0.62 	 47.61 	 0.133345
	 0.43 	 -0.63 	 47.64 	 0.141221
	 0.41 	 -0.63 	 47.67 	 0.148889
	 0.39 	 -0.64 	 47.70 	 0.156322
	 0.37 	 -0.64 	 47.73 	 0.163495
	 0.35 	 -0.65 	 47.76 	 0.170385
	 0.33 	 -0.65 	 47.79 	 0.176970
	 0.31 	 -0.65 	 47.82 	 0.183227
	 0.29 	 -0.66 	 47.85 	 0.189136
	 0.27 	 -0.66 	 47.88 	 0.194679
	 0.25 	 -0.66 	 47.91 	 0.199836
	 0.23 	 -0.67 	 47.94 	 0.204592
	 0.21 	 -0.67 	 47.97 	 0.208931
	 0.19 	 -0.67 	 48.00 	 0.212841
	 0.17 	 -0.67 	 48.03 	 0.216308
	 0.15 	 -0.67 	 48.06 	 0.219322
	 0.13 	 -0.67 	 48.09 	 0.221875
	 0.11 	 -0.67 	 48.12 	 0.223960
	 0.09 	 -0.67 	 48.15 	 0.225571
	 0.07 	 -0.67 	 48.18 	 0.226704
	 0.05 	 -0.67 	 48.21 	 0.227358
	 0.03 	 -0.67 	 48.24 	 0.227532
	 0.01 	 -0.67 	 48.27 	 0.227227
	 -0.01 	 -0.67 	 48.30 	 0.226448
	 -0.03 	 -0.67 	 48.33 	 0.225198
	 -0.05 	 -0.67 	 48.36 	 0.223484
	 -0.07 	 -0.67 	 48.39 	 0.221315
	 -0.09 	 -0.66 	 48.42 	 0.218699
	 -0.11 	 -0.66 	 48.45 	 0.215649
	 -0.13 	 -0.66 	 48.48 	 0.212176
	 -0.15 	 -0.65 	 48.51 	 0.208295
	 -0.17 	 -0.65 	 48.54 	 0.204022
	 -0.19 	 -0.65 	 48.57 	 0.199372
	 -0.21 	 -0.64 	 48.60 	 0.194365
	 -0.23 	 -0.64 	 48.63 	 0.189018
	 -0.24 	 -0.63 	 48.66 	 0.183352
	 -0.26 	 -0.63 	 48.69 	 0.177388
	 -0.28 	 -0.62 	 48.72 	 0.171147
	 -0.30 	 -0.62 	 48.75 	 0.164653
	 -0.32 	 -0.61 	 48.78 	 0.157928
	 -0.34 	 -0.61 	 48.81 	 0.150996
	 -0.36 	 -0.60 	 48.84 	 0.143882
	 -0.37 	 -0.59 	 48.87 	 0.136610
	 -0.39 	 -0.59 	 48.90 	 0.129204
	 -0.41 	 -0.58 	 48.93 	 0.121691
	 -0.43 	 -0.57 	 48.96 	 0.114095
	 -0.44 	 -0.57 	 48.99 	 0.106442
	 -0.46 	 -0.56 	 49.02 	 0.098756
	 -0.48 	 -0.55 	 49.05 	 0.091063
	 -0.49 	 -0.54 	 49.08 	 0.083386
	 -0.51 	 -0.53 	 49.11 	 0.075751
	 -0.52 	 -0.52 	 49.14 	 0.068180
	 -0.54 	 -0.52 	 49.17 	 0.060698
	 -0.55 	 -0.51 	 49.20 	 0.053327
	 -0.57 	 -0.50 	 49.23 	 0.046088
	 -0.58 	 -0.49 	 49.26 	 0.039004
	 -0.60 	 -0.48 	 49.29 	 0.032094
	 -0.61 	 -0.47 	 49.32 	 0.025379
	 -0.63 	 -0.46 	 49.35 	 0.018877
	 -0.64 	 -0.45 	 49.38 	 0.012605
	 -0.65 	 -0.44 	 49.41 	 0.006581
	 -0.66 	 -0.43 	 49.44 	 0.000820
	 -0.68 	 -0.42 	 49.47 	 -0.004663
	 -0.69 	 -0.40 	 49.50 	 -0.009854
	 -0.70 	 -0.39 	 49.53 	 -0.014742
	 -0.71 	 -0.38 	 49.56 	 -0.019314
	 -0.72 	 -0.37 	 49.59 	 -0.023561
	 -0.73 	 -0.36 	 49.62 	 -0.027473
	 -0.75 	 -0.35 	 49.65 	 -0.031043
	 -0.76 	 -0.34 	 49.68 	 -0.034265
	 -0.76 	 -0.32 	 49.71 	 -0.037131
	 -0.77 	 -0.31 	 49.74 	 -0.039640
	 -0.78 	 -0.30 	 49.77 	 -0.041786
	 -0.79 	 -0.29 	 49.80 	 -0.043569
	 -0.80 	 -0.27 	 49.83 	 -0.044987
	 -0.81 	 -0.26 	 49.86 	 -0.046040
	 -0.82 	 -0.25 	 49.89 	 -0.046731
	 -0.82 	 -0.24 	 49.92 	 -0.047061
	 -0.83 	 -0.22 	 49.95 	 -0.047034
	 -0.84 	 -0.21 	 49.98 	 -0.046654
