	 2.00 	 3.00 	 0.00 	 8.748441
	 2.06 	 2.98 	 0.02 	 8.819519
	 2.12 	 2.96 	 0.04 	 8.880213
	 2.18 	 2.94 	 0.06 	 8.930160
	 2.24 	 2.92 	 0.08 	 8.969065
	 2.29 	 2.89 	 0.10 	 8.996696
	 2.35 	 2.87 	 0.12 	 9.012890
	 2.41 	 2.85 	 0.14 	 9.017548
	 2.46 	 2.82 	 0.16 	 9.010633
	 2.52 	 2.80 	 0.18 	 8.992171
	 2.58 	 2.77 	 0.20 	 8.962247
	 2.63 	 2.75 	 0.22 	 8.921001
	 2.69 	 2.72 	 0.24 	 8.868626
	 2.74 	 2.69 	 0.26 	 8.805365
	 2.79 	 2.67 	 0.28 	 8.731510
	 2.85 	 2.64 	 0.30 	 8.647392
	 2.90 	 2.61 	 0.32 	 8.553384
	 2.95 	 2.58 	 0.34 	 8.449892
	 3.00 	 2.55 	 0.36 	 8.337353
	 3.05 	 2.52 	 0.38 	 8.216232
	 3.10 	 2.49 	 0.40 	 8.087016
	 3.15 	 2.46 	 0.42 	 7.950213
	 3.20 	 2.43 	 0.44 	 7.806345
	 3.25 	 2.40 	 0.46 	 7.655943
	 3.29 	 2.37 	 0.48 	 7.499550
	 3.34 	 2.33 	 0.50 	 7.337711
	 3.39 	 2.30 	 0.52 	 7.170972
	 3.43 	 2.26 	 0.54 	 6.999877
	 3.48 	 2.23 	 0.56 	 6.824966
	 3.52 	 2.20 	 0.58 	 6.646771
	 3.56 	 2.16 	 0.60 	 6.465813
	 3.61 	 2.12 	 0.62 	 6.282601
	 3.65 	 2.09 	 0.64 	 6.097630
	 3.69 	 2.05 	 0.66 	 5.911379
	 3.73 	 2.02 	 0.68 	 5.724308
	 3.77 	 1.98 	 0.70 	 5.536858
	 3.81 	 1.94 	 0.72 	 5.349453
	 3.85 	 1.90 	 0.74 	 5.162491
	 3.88 	 1.86 	 0.76 	 4.976352
	 3.92 	 1.83 	 0.78 	 4.791393
	 3.95 	 1.79 	 0.80 	 4.607946
	 3.99 	 1.75 	 0.82 	 4.426324
	 4.02 	 1.71 	 0.84 	 4.246814
	 4.06 	 1.67 	 0.86 	 4.069682
	 4.09 	 1.63 	 0.88 	 3.895172
	 4.12 	 1.58 	 0.90 	 3.723504
	 4.15 	 1.54 	 0.92 	 3.554879
	 4.18 	 1.50 	 0.94 	 3.389475
	 4.21 	 1.46 	 0.96 	 3.227452
	 4.24 	 1.42 	 0.98 	 3.068948
	 4.27 	 1.38 	 1.00 	 2.914084
	 4.29 	 1.33 	 1.02 	 2.762961
	 4.32 	 1.29 	 1.04 	 2.615666
	 4.34 	 1.25 	 1.06 	 2.472268
	 4.37 	 1.20 	 1.08 	 2.332819
	 4.39 	 1.16 	 1.10 	 2.197359
	 4.41 	 1.12 	 1.12 	 2.065915
	 4.44 	 1.07 	 1.14 	 1.938497
	 4.46 	 1.03 	 1.16 	 1.815108
	 4.48 	 0.98 	 1.18 	 1.695736
	 4.49 	 0.94 	 1.20 	 1.580362
	 4.51 	 0.89 	 1.22 	 1.468955
	 4.53 	 0.85 	 1.24 	 1.361476
	 4.55 	 0.80 	 1.26 	 1.257878
	 4.56 	 0.76 	 1.28 	 1.158106
	 4.58 	 0.71 	 1.30 	 1.062099
	 4.59 	 0.67 	 1.32 	 0.969788
	 4.60 	 0.62 	 1.34 	 0.881100
	 4.61 	 0.57 	 1.36 	 0.795956
	 4.62 	 0.53 	 1.38 	 0.714271
	 4.63 	 0.48 	 1.40 	 0.635958
	 4.64 	 0.44 	 1.42 	 0.560923
	 4.65 	 0.39 	 1.44 	 0.489070
	 4.66 	 0.34 	 1.46 	 0.420300
	 4.66 	 0.30 	 1.48 	 0.354509
	 4.67 	 0.25 	 1.50 	 0.291590
	 4.67 	 0.20 	 1.52 	 0.231436
	 4.67 	 0.16 	 1.54 	 0.173934
	 4.68 	 0.11 	 1.56 	 0.118971
	 4.68 	 0.06 	 1.58 	 0.066431
	 4.68 	 0.02 	 1.60 	 0.016195
	 4.68 	 -0.03 	 1.62 	 -0.031856
	 4.68 	 -0.08 	 1.64 	 -0.077844
	 4.67 	 -0.12 	 1.66 	 -0.121893
	 4.67 	 -0.17 	 1.68 	 -0.164128
	 4.67 	 -0.22 	 1.70 	 -0.204674
	 4.66 	 -0.26 	 1.72 	 -0.243659
	 4.65 	 -0.31 	 1.74 	 -0.281211
	 4.65 	 -0.36 	 1.76 	 -0.317459
	 4.64 	 -0.40 	 1.78 	 -0.352531
	 4.63 	 -0.45 	 1.80 	 -0.386559
	 4.62 	 -0.50 	 1.82 	 -0.419669
	 4.61 	 -0.54 	 1.84 	 -0.451993
	 4.60 	 -0.59 	 1.86 	 -0.483657
	 4.58 	 -0.64 	 1.88 	 -0.514788
	 4.57 	 -0.68 	 1.90 	 -0.545512
	 4.56 	 -0.73 	 1.92 	 -0.575951
	 4.54 	 -0.77 	 1.94 	 -0.606226
	 4.52 	 -0.82 	 1.96 	 -0.636453
	 4.51 	 -0.86 	 1.98 	 -0.666745
	 4.49 	 -0.91 	 2.00 	 -0.697212
	 4.47 	 -0.95 	 2.02 	 -0.727956
	 4.45 	 -1.00 	 2.04 	 -0.759075
	 4.43 	 -1.04 	 2.06 	 -0.790659
	 4.41 	 -1.09 	 2.08 	 -0.822791
	 4.38 	 -1.13 	 2.10 	 -0.855545
	 4.36 	 -1.17 	 2.12 	 -0.888987
	 4.34 	 -1.22 	 2.14 	 -0.923171
	 4.31 	 -1.26 	 2.16 	 -0.958140
	 4.29 	 -1.30 	 2.18 	 -0.993927
	 4.26 	 -1.35 	 2.20 	 -1.030549
	 4.23 	 -1.39 	 2.22 	 -1.068011
	 4.20 	 -1.43 	 2.24 	 -1.106302
	 4.17 	 -1.47 	 2.26 	 -1.145395
	 4.14 	 -1.52 	 2.28 	 -1.185248
	 4.11 	 -1.56 	 2.30 	 -1.225799
	 4.08 	 -1.60 	 2.32 	 -1.266969
	 4.05 	 -1.64 	 2.34 	 -1.308659
	 4.01 	 -1.68 	 2.36 	 -1.350751
	 3.98 	 -1.72 	 2.38 	 -1.393107
	 3.94 	 -1.76 	 2.40 	 -1.435567
	 3.91 	 -1.80 	 2.42 	 -1.477951
	 3.87 	 -1.84 	 2.44 	 -1.520056
	 3.83 	 -1.88 	 2.46 	 -1.561660
	 3.79 	 -1.92 	 2.48 	 -1.602518
	 3.76 	 -1.95 	 2.50 	 -1.642365
	 3.72 	 -1.99 	 2.52 	 -1.680914
	 3.68 	 -2.03 	 2.54 	 -1.717860
	 3.63 	 -2.06 	 2.56 	 -1.752878
	 3.59 	 -2.10 	 2.58 	 -1.785624
	 3.55 	 -2.14 	 2.60 	 -1.815740
	 3.51 	 -2.17 	 2.62 	 -1.842848
	 3.46 	 -2.21 	 2.64 	 -1.866563
	 3.42 	 -2.24 	 2.66 	 -1.886482
	 3.37 	 -2.28 	 2.68 	 -1.902198
	 3.32 	 -2.31 	 2.70 	 -1.913293
	 3.28 	 -2.34 	 2.72 	 -1.919348
	 3.23 	 -2.38 	 2.74 	 -1.919940
	 3.18 	 -2.41 	 2.76 	 -1.914648
	 3.13 	 -2.44 	 2.78 	 -1.903058
	 3.08 	 -2.47 	 2.80 	 -1.884761
	 3.03 	 -2.50 	 2.82 	 -1.859364
	 2.98 	 -2.53 	 2.84 	 -1.826485
	 2.93 	 -2.56 	 2.86 	 -1.785764
	 2.88 	 -2.59 	 2.88 	 -1.736865
	 2.83 	 -2.62 	 2.90 	 -1.679476
	 2.77 	 -2.65 	 2.92 	 -1.613318
	 2.72 	 -2.68 	 2.94 	 -1.538147
	 2.67 	 -2.70 	 2.96 	 -1.453757
	 2.61 	 -2.73 	 2.98 	 -1.359985
	 2.56 	 -2.76 	 3.00 	 -1.256714
	 2.50 	 -2.78 	 3.02 	 -1.143874
	 2.45 	 -2.81 	 3.04 	 -1.021452
	 2.39 	 -2.83 	 3.06 	 -0.889485
	 2.33 	 -2.86 	 3.08 	 -0.748073
	 2.27 	 -2.88 	 3.10 	 -0.597372
	 2.22 	 -2.90 	 3.12 	 -0.437603
	 2.16 	 -2.92 	 3.14 	 -0.269046
	 2.10 	 -2.95 	 3.16 	 -0.092051
	 2.04 	 -2.97 	 3.18 	 0.092973
	 1.98 	 -2.99 	 3.20 	 0.285550
	 1.92 	 -3.01 	 3.22 	 0.485139
	 1.86 	 -3.03 	 3.24 	 0.691140
	 1.80 	 -3.04 	 3.26 	 0.902888
	 1.74 	 -3.06 	 3.28 	 1.119664
	 1.68 	 -3.08 	 3.30 	 1.340689
	 1.61 	 -3.10 	 3.32 	 1.565136
	 1.55 	 -3.11 	 3.34 	 1.792128
	 1.49 	 -3.13 	 3.36 	 2.020744
	 1.43 	 -3.14 	 3.38 	 2.250027
	 1.36 	 -3.16 	 3.40 	 2.478985
	 1.30 	 -3.17 	 3.42 	 2.706600
	 1.24 	 -3.18 	 3.44 	 2.931834
	 1.17 	 -3.20 	 3.46 	 3.153637
	 1.11 	 -3.21 	 3.48 	 3.370949
	 1.04 	 -3.22 	 3.50 	 3.582714
	 0.98 	 -3.23 	 3.52 	 3.787882
	 0.91 	 -3.24 	 3.54 	 3.985420
	 0.85 	 -3.25 	 3.56 	 4.174318
	 0.78 	 -3.26 	 3.58 	 4.353596
	 0.72 	 -3.26 	 3.60 	 4.522313
	 0.65 	 -3.27 	 3.62 	 4.679573
	 0.59 	 -3.28 	 3.64 	 4.824533
	 0.52 	 -3.28 	 3.66 	 4.956408
	 0.46 	 -3.29 	 3.68 	 5.074478
	 0.39 	 -3.29 	 3.70 	 5.178094
	 0.32 	 -3.30 	 3.72 	 5.266683
	 0.26 	 -3.30 	 3.74 	 5.339753
	 0.19 	 -3.30 	 3.76 	 5.396897
	 0.13 	 -3.31 	 3.78 	 5.437795
	 0.06 	 -3.31 	 3.80 	 5.462217
	 -0.01 	 -3.31 	 3.82 	 5.470028
	 -0.07 	 -3.31 	 3.84 	 5.461183
	 -0.14 	 -3.31 	 3.86 	 5.435735
	 -0.20 	 -3.31 	 3.88 	 5.393826
	 -0.27 	 -3.30 	 3.90 	 5.335694
	 -0.34 	 -3.30 	 3.92 	 5.261666
	 -0.40 	 -3.30 	 3.94 	 5.172156
	 -0.47 	 -3.29 	 3.96 	 5.067664
	 -0.53 	 -3.29 	 3.98 	 4.948768
	 -0.60 	 -3.28 	 4.00 	 4.816124
	 -0.67 	 -3.28 	 4.02 	 4.670457
	 -0.73 	 -3.27 	 4.04 	 4.512556
	 -0.80 	 -3.26 	 4.06 	 4.343270
	 -0.86 	 -3.26 	 4.08 	 4.163498
	 -0.93 	 -3.25 	 4.10 	 3.974184
	 -0.99 	 -3.24 	 4.12 	 3.776311
	 -1.06 	 -3.23 	 4.14 	 3.570890
	 -1.12 	 -3.22 	 4.16 	 3.358957
	 -1.18 	 -3.21 	 4.18 	 3.141560
	 -1.25 	 -3.19 	 4.20 	 2.919759
	 -1.31 	 -3.18 	 4.22 	 2.694608
	 -1.38 	 -3.17 	 4.24 	 2.467160
	 -1.44 	 -3.15 	 4.26 	 2.238450
	 -1.50 	 -3.14 	 4.28 	 2.009493
	 -1.56 	 -3.13 	 4.30 	 1.781279
	 -1.63 	 -3.11 	 4.32 	 1.554760
	 -1.69 	 -3.09 	 4.34 	 1.330855
	 -1.75 	 -3.08 	 4.36 	 1.110435
	 -1.81 	 -3.06 	 4.38 	 0.894324
	 -1.87 	 -3.04 	 4.40 	 0.683294
	 -1.93 	 -3.02 	 4.42 	 0.478062
	 -1.99 	 -3.00 	 4.44 	 0.279285
	 -2.05 	 -2.98 	 4.46 	 0.087558
	 -2.11 	 -2.96 	 4.48 	 -0.096583
	 -2.17 	 -2.94 	 4.50 	 -0.272669
	 -2.23 	 -2.92 	 4.52 	 -0.440295
	 -2.29 	 -2.90 	 4.54 	 -0.599119
	 -2.34 	 -2.87 	 4.56 	 -0.748864
	 -2.40 	 -2.85 	 4.58 	 -0.889317
	 -2.46 	 -2.83 	 4.60 	 -1.020325
	 -2.51 	 -2.80 	 4.62 	 -1.141796
	 -2.57 	 -2.78 	 4.64 	 -1.253696
	 -2.62 	 -2.75 	 4.66 	 -1.356044
	 -2.68 	 -2.73 	 4.68 	 -1.448915
	 -2.73 	 -2.70 	 4.70 	 -1.532428
	 -2.79 	 -2.67 	 4.72 	 -1.606753
	 -2.84 	 -2.64 	 4.74 	 -1.672097
	 -2.89 	 -2.62 	 4.76 	 -1.728710
	 -2.94 	 -2.59 	 4.78 	 -1.776873
	 -2.99 	 -2.56 	 4.80 	 -1.816901
	 -3.04 	 -2.53 	 4.82 	 -1.849132
	 -3.09 	 -2.50 	 4.84 	 -1.873929
	 -3.14 	 -2.47 	 4.86 	 -1.891676
	 -3.19 	 -2.43 	 4.88 	 -1.902767
	 -3.24 	 -2.40 	 4.90 	 -1.907613
	 -3.29 	 -2.37 	 4.92 	 -1.906630
	 -3.33 	 -2.34 	 4.94 	 -1.900239
	 -3.38 	 -2.30 	 4.96 	 -1.888864
	 -3.43 	 -2.27 	 4.98 	 -1.872924
	 -3.47 	 -2.24 	 5.00 	 -1.852837
	 -3.51 	 -2.20 	 5.02 	 -1.829011
	 -3.56 	 -2.17 	 5.04 	 -1.801848
	 -3.60 	 -2.13 	 5.06 	 -1.771735
	 -3.64 	 -2.09 	 5.08 	 -1.739047
	 -3.68 	 -2.06 	 5.10 	 -1.704144
	 -3.72 	 -2.02 	 5.12 	 -1.667366
	 -3.76 	 -1.98 	 5.14 	 -1.629040
	 -3.80 	 -1.95 	 5.16 	 -1.589471
	 -3.84 	 -1.91 	 5.18 	 -1.548943
	 -3.88 	 -1.87 	 5.20 	 -1.507721
	 -3.91 	 -1.83 	 5.22 	 -1.466048
	 -3.95 	 -1.79 	 5.24 	 -1.424148
	 -3.98 	 -1.75 	 5.26 	 -1.382221
	 -4.02 	 -1.71 	 5.28 	 -1.340447
	 -4.05 	 -1.67 	 5.30 	 -1.298983
	 -4.09 	 -1.63 	 5.32 	 -1.257968
	 -4.12 	 -1.59 	 5.34 	 -1.217519
	 -4.15 	 -1.55 	 5.36 	 -1.177733
	 -4.18 	 -1.51 	 5.38 	 -1.138690
	 -4.21 	 -1.47 	 5.40 	 -1.100448
	 -4.24 	 -1.42 	 5.42 	 -1.063051
	 -4.26 	 -1.38 	 5.44 	 -1.026525
	 -4.29 	 -1.34 	 5.46 	 -0.990878
	 -4.32 	 -1.30 	 5.48 	 -0.956106
	 -4.34 	 -1.25 	 5.50 	 -0.922189
	 -4.37 	 -1.21 	 5.52 	 -0.889096
	 -4.39 	 -1.17 	 5.54 	 -0.856782
	 -4.41 	 -1.12 	 5.56 	 -0.825191
	 -4.43 	 -1.08 	 5.58 	 -0.794259
	 -4.45 	 -1.03 	 5.60 	 -0.763908
	 -4.47 	 -0.99 	 5.62 	 -0.734056
	 -4.49 	 -0.94 	 5.64 	 -0.704612
	 -4.51 	 -0.90 	 5.66 	 -0.675477
	 -4.53 	 -0.85 	 5.68 	 -0.646548
	 -4.54 	 -0.81 	 5.70 	 -0.617715
	 -4.56 	 -0.76 	 5.72 	 -0.588863
	 -4.57 	 -0.72 	 5.74 	 -0.559876
	 -4.59 	 -0.67 	 5.76 	 -0.530632
	 -4.60 	 -0.63 	 5.78 	 -0.501007
	 -4.61 	 -0.58 	 5.80 	 -0.470876
	 -4.62 	 -0.53 	 5.82 	 -0.440110
	 -4.63 	 -0.49 	 5.84 	 -0.408581
	 -4.64 	 -0.44 	 5.86 	 -0.376158
	 -4.65 	 -0.40 	 5.88 	 -0.342712
	 -4.65 	 -0.35 	 5.90 	 -0.308111
	 -4.66 	 -0.30 	 5.92 	 -0.272226
	 -4.67 	 -0.26 	 5.94 	 -0.234926
	 -4.67 	 -0.21 	 5.96 	 -0.196082
	 -4.67 	 -0.16 	 5.98 	 -0.155566
	 -4.68 	 -0.12 	 6.00 	 -0.113250
	 -4.68 	 -0.07 	 6.02 	 -0.069008
	 -4.68 	 -0.02 	 6.04 	 -0.022715
	 -4.68 	 0.02 	 6.06 	 0.025751
	 -4.68 	 0.07 	 6.08 	 0.076513
	 -4.67 	 0.12 	 6.10 	 0.129690
	 -4.67 	 0.16 	 6.12 	 0.185399
	 -4.67 	 0.21 	 6.14 	 0.243757
	 -4.66 	 0.26 	 6.16 	 0.304875
	 -4.65 	 0.30 	 6.18 	 0.368864
	 -4.65 	 0.35 	 6.20 	 0.435833
	 -4.64 	 0.40 	 6.22 	 0.505885
	 -4.63 	 0.44 	 6.24 	 0.579122
	 -4.62 	 0.49 	 6.26 	 0.655644
	 -4.61 	 0.54 	 6.28 	 0.735543
	 -4.60 	 0.58 	 6.30 	 0.818909
	 -4.59 	 0.63 	 6.32 	 0.905830
	 -4.57 	 0.67 	 6.34 	 0.996385
	 -4.56 	 0.72 	 6.36 	 1.090649
	 -4.54 	 0.77 	 6.38 	 1.188693
	 -4.53 	 0.81 	 6.40 	 1.290580
	 -4.51 	 0.86 	 6.42 	 1.396366
	 -4.49 	 0.90 	 6.44 	 1.506100
	 -4.47 	 0.95 	 6.46 	 1.619822
	 -4.45 	 0.99 	 6.48 	 1.737565
	 -4.43 	 1.04 	 6.50 	 1.859349
	 -4.41 	 1.08 	 6.52 	 1.985188
	 -4.39 	 1.12 	 6.54 	 2.115082
	 -4.36 	 1.17 	 6.56 	 2.249019
	 -4.34 	 1.21 	 6.58 	 2.386975
	 -4.32 	 1.26 	 6.60 	 2.528913
	 -4.29 	 1.30 	 6.62 	 2.674779
	 -4.26 	 1.34 	 6.64 	 2.824507
	 -4.23 	 1.38 	 6.66 	 2.978011
	 -4.21 	 1.43 	 6.68 	 3.135190
	 -4.18 	 1.47 	 6.70 	 3.295926
	 -4.15 	 1.51 	 6.72 	 3.460079
	 -4.12 	 1.55 	 6.74 	 3.627491
	 -4.08 	 1.59 	 6.76 	 3.797985
	 -4.05 	 1.63 	 6.78 	 3.971362
	 -4.02 	 1.67 	 6.80 	 4.147399
	 -3.98 	 1.71 	 6.82 	 4.325855
	 -3.95 	 1.75 	 6.84 	 4.506465
	 -3.91 	 1.79 	 6.86 	 4.688939
	 -3.88 	 1.83 	 6.88 	 4.872968
	 -3.84 	 1.87 	 6.90 	 5.058217
	 -3.80 	 1.91 	 6.92 	 5.244331
	 -3.76 	 1.95 	 6.94 	 5.430931
	 -3.72 	 1.99 	 6.96 	 5.617616
	 -3.68 	 2.02 	 6.98 	 5.803965
	 -3.64 	 2.06 	 7.00 	 5.989536
	 -3.60 	 2.10 	 7.02 	 6.173868
	 -3.56 	 2.13 	 7.04 	 6.356484
	 -3.51 	 2.17 	 7.06 	 6.536888
	 -3.47 	 2.20 	 7.08 	 6.714571
	 -3.42 	 2.24 	 7.10 	 6.889012
	 -3.38 	 2.27 	 7.12 	 7.059680
	 -3.33 	 2.31 	 7.14 	 7.226037
	 -3.28 	 2.34 	 7.16 	 7.387537
	 -3.24 	 2.37 	 7.18 	 7.543636
	 -3.19 	 2.40 	 7.20 	 7.693788
	 -3.14 	 2.44 	 7.22 	 7.837454
	 -3.09 	 2.47 	 7.24 	 7.974102
	 -3.04 	 2.50 	 7.26 	 8.103212
	 -2.99 	 2.53 	 7.28 	 8.224277
	 -2.94 	 2.56 	 7.30 	 8.336813
	 -2.89 	 2.59 	 7.32 	 8.440357
	 -2.84 	 2.62 	 7.34 	 8.534473
	 -2.78 	 2.64 	 7.36 	 8.618757
	 -2.73 	 2.67 	 7.38 	 8.692840
	 -2.67 	 2.70 	 7.40 	 8.756393
	 -2.62 	 2.73 	 7.42 	 8.809129
	 -2.57 	 2.75 	 7.44 	 8.850807
	 -2.51 	 2.78 	 7.46 	 8.881237
	 -2.45 	 2.80 	 7.48 	 8.900282
	 -2.40 	 2.83 	 7.50 	 8.907862
	 -2.34 	 2.85 	 7.52 	 8.903956
	 -2.28 	 2.88 	 7.54 	 8.888603
	 -2.22 	 2.90 	 7.56 	 8.861907
	 -2.17 	 2.92 	 7.58 	 8.824036
	 -2.11 	 2.94 	 7.60 	 8.775224
	 -2.05 	 2.96 	 7.62 	 8.715772
	 -1.99 	 2.98 	 7.64 	 8.646047
	 -1.93 	 3.00 	 7.66 	 8.566481
	 -1.87 	 3.02 	 7.68 	 8.477573
	 -1.81 	 3.04 	 7.70 	 8.379884
	 -1.75 	 3.06 	 7.72 	 8.274037
	 -1.68 	 3.08 	 7.74 	 8.160712
	 -1.62 	 3.09 	 7.76 	 8.040645
	 -1.56 	 3.11 	 7.78 	 7.914624
	 -1.50 	 3.13 	 7.80 	 7.783481
	 -1.43 	 3.14 	 7.82 	 7.648093
	 -1.37 	 3.16 	 7.84 	 7.509371
	 -1.31 	 3.17 	 7.86 	 7.368257
	 -1.24 	 3.18 	 7.88 	 7.225717
	 -1.18 	 3.19 	 7.90 	 7.082734
	 -1.12 	 3.21 	 7.92 	 6.940304
	 -1.05 	 3.22 	 7.94 	 6.799423
	 -0.99 	 3.23 	 7.96 	 6.661085
	 -0.92 	 3.24 	 7.98 	 6.526271
	 -0.86 	 3.25 	 8.00 	 6.395945
	 -0.79 	 3.26 	 8.02 	 6.271042
	 -0.73 	 3.26 	 8.04 	 6.152466
	 -0.66 	 3.27 	 8.06 	 6.041077
	 -0.60 	 3.28 	 8.08 	 5.937689
	 -0.53 	 3.28 	 8.10 	 5.843061
	 -0.47 	 3.29 	 8.12 	 5.757891
	 -0.40 	 3.29 	 8.14 	 5.682810
	 -0.33 	 3.30 	 8.16 	 5.618379
	 -0.27 	 3.30 	 8.18 	 5.565078
	 -0.20 	 3.30 	 8.20 	 5.523312
	 -0.14 	 3.31 	 8.22 	 5.493398
	 -0.07 	 3.31 	 8.24 	 5.475567
	 -0.00 	 3.31 	 8.26 	 5.469963
	 0.06 	 3.31 	 8.28 	 5.476638
	 0.13 	 3.31 	 8.30 	 5.495554
	 0.20 	 3.31 	 8.32 	 5.526585
	 0.26 	 3.30 	 8.34 	 5.569512
	 0.33 	 3.30 	 8.36 	 5.624032
	 0.39 	 3.30 	 8.38 	 5.689757
	 0.46 	 3.29 	 8.40 	 5.766217
	 0.53 	 3.29 	 8.42 	 5.852863
	 0.59 	 3.28 	 8.44 	 5.949076
	 0.66 	 3.28 	 8.46 	 6.054169
	 0.72 	 3.27 	 8.48 	 6.167391
	 0.79 	 3.26 	 8.50 	 6.287936
	 0.85 	 3.26 	 8.52 	 6.414950
	 0.92 	 3.25 	 8.54 	 6.547534
	 0.98 	 3.24 	 8.56 	 6.684757
	 1.05 	 3.23 	 8.58 	 6.825658
	 1.11 	 3.22 	 8.60 	 6.969255
	 1.18 	 3.21 	 8.62 	 7.114555
	 1.24 	 3.20 	 8.64 	 7.260557
	 1.30 	 3.18 	 8.66 	 7.406265
	 1.37 	 3.17 	 8.68 	 7.550689
	 1.43 	 3.16 	 8.70 	 7.692857
	 1.49 	 3.14 	 8.72 	 7.831820
	 1.55 	 3.13 	 8.74 	 7.966658
	 1.62 	 3.11 	 8.76 	 8.096485
	 1.68 	 3.10 	 8.78 	 8.220456
	 1.74 	 3.08 	 8.80 	 8.337774
	 1.80 	 3.06 	 8.82 	 8.447689
	 1.86 	 3.04 	 8.84 	 8.549508
	 1.92 	 3.02 	 8.86 	 8.642594
	 1.98 	 3.01 	 8.88 	 8.726372
	 2.04 	 2.99 	 8.90 	 8.800330
	 2.10 	 2.97 	 8.92 	 8.864019
	 2.16 	 2.94 	 8.94 	 8.917058
	 2.22 	 2.92 	 8.96 	 8.959132
	 2.28 	 2.90 	 8.98 	 8.989991
	 2.33 	 2.88 	 9.00 	 9.009452
	 2.39 	 2.85 	 9.02 	 9.017400
	 2.45 	 2.83 	 9.04 	 9.013778
	 2.50 	 2.81 	 9.06 	 8.998597
	 2.56 	 2.78 	 9.08 	 8.971923
	 2.62 	 2.76 	 9.10 	 8.933881
	 2.67 	 2.73 	 9.12 	 8.884651
	 2.72 	 2.70 	 9.14 	 8.824461
	 2.78 	 2.68 	 9.16 	 8.753589
	 2.83 	 2.65 	 9.18 	 8.672355
	 2.88 	 2.62 	 9.20 	 8.581122
	 2.93 	 2.59 	 9.22 	 8.480285
	 2.99 	 2.56 	 9.24 	 8.370275
	 3.04 	 2.53 	 9.26 	 8.251547
	 3.09 	 2.50 	 9.28 	 8.124585
	 3.14 	 2.47 	 9.30 	 7.989889
	 3.18 	 2.44 	 9.32 	 7.847977
	 3.23 	 2.41 	 9.34 	 7.699380
	 3.28 	 2.37 	 9.36 	 7.544636
	 3.33 	 2.34 	 9.38 	 7.384291
	 3.37 	 2.31 	 9.40 	 7.218891
	 3.42 	 2.27 	 9.42 	 7.048981
	 3.46 	 2.24 	 9.44 	 6.875102
	 3.51 	 2.21 	 9.46 	 6.697788
	 3.55 	 2.17 	 9.48 	 6.517564
	 3.59 	 2.14 	 9.50 	 6.334942
	 3.64 	 2.10 	 9.52 	 6.150422
	 3.68 	 2.06 	 9.54 	 5.964488
	 3.72 	 2.03 	 9.56 	 5.777604
	 3.76 	 1.99 	 9.58 	 5.590218
	 3.80 	 1.95 	 9.60 	 5.402759
	 3.83 	 1.91 	 9.62 	 5.215631
	 3.87 	 1.87 	 9.64 	 5.029221
	 3.91 	 1.84 	 9.66 	 4.843891
	 3.94 	 1.80 	 9.68 	 4.659981
	 3.98 	 1.76 	 9.70 	 4.477809
	 4.01 	 1.72 	 9.72 	 4.297670
	 4.05 	 1.68 	 9.74 	 4.119836
	 4.08 	 1.64 	 9.76 	 3.944556
	 4.11 	 1.60 	 9.78 	 3.772058
	 4.14 	 1.56 	 9.80 	 3.602548
	 4.17 	 1.51 	 9.82 	 3.436210
	 4.20 	 1.47 	 9.84 	 3.273210
	 4.23 	 1.43 	 9.86 	 3.113691
	 4.26 	 1.39 	 9.88 	 2.957780
	 4.29 	 1.35 	 9.90 	 2.805583
	 4.31 	 1.30 	 9.92 	 2.657191
	 4.34 	 1.26 	 9.94 	 2.512678
	 4.36 	 1.22 	 9.96 	 2.372100
	 4.39 	 1.17 	 9.98 	 2.235502
	 4.41 	 1.13 	 10.00 	 2.102913
	 4.43 	 1.08 	 10.02 	 1.974349
	 4.45 	 1.04 	 10.04 	 1.849814
	 4.47 	 1.00 	 10.06 	 1.729300
	 4.49 	 0.95 	 10.08 	 1.612791
	 4.51 	 0.91 	 10.10 	 1.500259
	 4.53 	 0.86 	 10.12 	 1.391667
	 4.54 	 0.82 	 10.14 	 1.286969
	 4.56 	 0.77 	 10.16 	 1.186114
	 4.57 	 0.72 	 10.18 	 1.089042
	 4.58 	 0.68 	 10.20 	 0.995687
	 4.60 	 0.63 	 10.22 	 0.905976
	 4.61 	 0.59 	 10.24 	 0.819831
	 4.62 	 0.54 	 10.26 	 0.737171
	 4.63 	 0.49 	 10.28 	 0.657907
	 4.64 	 0.45 	 10.30 	 0.581949
	 4.65 	 0.40 	 10.32 	 0.509201
	 4.65 	 0.36 	 10.34 	 0.439564
	 4.66 	 0.31 	 10.36 	 0.372935
	 4.67 	 0.26 	 10.38 	 0.309210
	 4.67 	 0.22 	 10.40 	 0.248280
	 4.67 	 0.17 	 10.42 	 0.190035
	 4.68 	 0.12 	 10.44 	 0.134362
	 4.68 	 0.08 	 10.46 	 0.081144
	 4.68 	 0.03 	 10.48 	 0.030264
	 4.68 	 -0.02 	 10.50 	 -0.018396
	 4.68 	 -0.06 	 10.52 	 -0.064959
	 4.67 	 -0.11 	 10.54 	 -0.109547
	 4.67 	 -0.16 	 10.56 	 -0.152286
	 4.67 	 -0.20 	 10.58 	 -0.193299
	 4.66 	 -0.25 	 10.60 	 -0.232716
	 4.66 	 -0.30 	 10.62 	 -0.270662
	 4.65 	 -0.34 	 10.64 	 -0.307268
	 4.64 	 -0.39 	 10.66 	 -0.342662
	 4.63 	 -0.44 	 10.68 	 -0.376974
	 4.62 	 -0.48 	 10.70 	 -0.410332
	 4.61 	 -0.53 	 10.72 	 -0.442867
	 4.60 	 -0.58 	 10.74 	 -0.474705
	 4.59 	 -0.62 	 10.76 	 -0.505975
	 4.57 	 -0.67 	 10.78 	 -0.536802
	 4.56 	 -0.71 	 10.80 	 -0.567310
	 4.55 	 -0.76 	 10.82 	 -0.597619
	 4.53 	 -0.80 	 10.84 	 -0.627848
	 4.51 	 -0.85 	 10.86 	 -0.658111
	 4.49 	 -0.90 	 10.88 	 -0.688518
	 4.48 	 -0.94 	 10.90 	 -0.719173
	 4.46 	 -0.99 	 10.92 	 -0.750176
	 4.43 	 -1.03 	 10.94 	 -0.781618
	 4.41 	 -1.07 	 10.96 	 -0.813586
	 4.39 	 -1.12 	 10.98 	 -0.846157
	 4.37 	 -1.16 	 11.00 	 -0.879397
	 4.34 	 -1.21 	 11.02 	 -0.913364
	 4.32 	 -1.25 	 11.04 	 -0.948106
	 4.29 	 -1.29 	 11.06 	 -0.983658
	 4.27 	 -1.34 	 11.08 	 -1.020041
	 4.24 	 -1.38 	 11.10 	 -1.057265
	 4.21 	 -1.42 	 11.12 	 -1.095322
	 4.18 	 -1.46 	 11.14 	 -1.134190
	 4.15 	 -1.50 	 11.16 	 -1.173832
	 4.12 	 -1.55 	 11.18 	 -1.214192
	 4.09 	 -1.59 	 11.20 	 -1.255195
	 4.06 	 -1.63 	 11.22 	 -1.296748
	 4.02 	 -1.67 	 11.24 	 -1.338739
	 3.99 	 -1.71 	 11.26 	 -1.381035
	 3.95 	 -1.75 	 11.28 	 -1.423483
	 3.92 	 -1.79 	 11.30 	 -1.465908
	 3.88 	 -1.83 	 11.32 	 -1.508114
	 3.84 	 -1.87 	 11.34 	 -1.549885
	 3.81 	 -1.90 	 11.36 	 -1.590981
	 3.77 	 -1.94 	 11.38 	 -1.631144
	 3.73 	 -1.98 	 11.40 	 -1.670093
	 3.69 	 -2.02 	 11.42 	 -1.707528
	 3.65 	 -2.05 	 11.44 	 -1.743128
	 3.60 	 -2.09 	 11.46 	 -1.776557
	 3.56 	 -2.13 	 11.48 	 -1.807458
	 3.52 	 -2.16 	 11.50 	 -1.835462
	 3.47 	 -2.20 	 11.52 	 -1.860183
	 3.43 	 -2.23 	 11.54 	 -1.881223
	 3.38 	 -2.27 	 11.56 	 -1.898178
	 3.34 	 -2.30 	 11.58 	 -1.910631
	 3.29 	 -2.33 	 11.60 	 -1.918163
	 3.24 	 -2.37 	 11.62 	 -1.920352
	 3.20 	 -2.40 	 11.64 	 -1.916777
	 3.15 	 -2.43 	 11.66 	 -1.907021
	 3.10 	 -2.46 	 11.68 	 -1.890674
	 3.05 	 -2.49 	 11.70 	 -1.867337
	 3.00 	 -2.52 	 11.72 	 -1.836625
	 2.95 	 -2.55 	 11.74 	 -1.798172
	 2.90 	 -2.58 	 11.76 	 -1.751632
	 2.84 	 -2.61 	 11.78 	 -1.696689
	 2.79 	 -2.64 	 11.80 	 -1.633053
	 2.74 	 -2.67 	 11.82 	 -1.560470
	 2.68 	 -2.70 	 11.84 	 -1.478723
	 2.63 	 -2.72 	 11.86 	 -1.387635
	 2.57 	 -2.75 	 11.88 	 -1.287076
	 2.52 	 -2.78 	 11.90 	 -1.176963
	 2.46 	 -2.80 	 11.92 	 -1.057266
	 2.41 	 -2.82 	 11.94 	 -0.928009
	 2.35 	 -2.85 	 11.96 	 -0.789271
	 2.29 	 -2.87 	 11.98 	 -0.641194
	 2.23 	 -2.90 	 12.00 	 -0.483980
	 2.17 	 -2.92 	 12.02 	 -0.317891
	 2.12 	 -2.94 	 12.04 	 -0.143259
	 2.06 	 -2.96 	 12.06 	 0.039526
	 2.00 	 -2.98 	 12.08 	 0.230005
	 1.94 	 -3.00 	 12.10 	 0.427658
	 1.88 	 -3.02 	 12.12 	 0.631898
	 1.82 	 -3.04 	 12.14 	 0.842082
	 1.75 	 -3.06 	 12.16 	 1.057504
	 1.69 	 -3.07 	 12.18 	 1.277402
	 1.63 	 -3.09 	 12.20 	 1.500963
	 1.57 	 -3.11 	 12.22 	 1.727322
	 1.51 	 -3.12 	 12.24 	 1.955572
	 1.44 	 -3.14 	 12.26 	 2.184764
	 1.38 	 -3.15 	 12.28 	 2.413917
	 1.32 	 -3.17 	 12.30 	 2.642019
	 1.25 	 -3.18 	 12.32 	 2.868038
	 1.19 	 -3.19 	 12.34 	 3.090925
	 1.13 	 -3.20 	 12.36 	 3.309623
	 1.06 	 -3.22 	 12.38 	 3.523073
	 1.00 	 -3.23 	 12.40 	 3.730225
	 0.93 	 -3.24 	 12.42 	 3.930038
	 0.87 	 -3.25 	 12.44 	 4.121496
	 0.80 	 -3.25 	 12.46 	 4.303610
	 0.74 	 -3.26 	 12.48 	 4.475426
	 0.67 	 -3.27 	 12.50 	 4.636035
	 0.61 	 -3.28 	 12.52 	 4.784578
	 0.54 	 -3.28 	 12.54 	 4.920253
	 0.47 	 -3.29 	 12.56 	 5.042320
	 0.41 	 -3.29 	 12.58 	 5.150112
	 0.34 	 -3.30 	 12.60 	 5.243031
	 0.28 	 -3.30 	 12.62 	 5.320563
	 0.21 	 -3.30 	 12.64 	 5.382276
	 0.14 	 -3.31 	 12.66 	 5.427825
	 0.08 	 -3.31 	 12.68 	 5.456954
	 0.01 	 -3.31 	 12.70 	 5.469500
	 -0.05 	 -3.31 	 12.72 	 5.465395
	 -0.12 	 -3.31 	 12.74 	 5.444661
	 -0.19 	 -3.31 	 12.76 	 5.407416
	 -0.25 	 -3.30 	 12.78 	 5.353872
	 -0.32 	 -3.30 	 12.80 	 5.284329
	 -0.38 	 -3.30 	 12.82 	 5.199178
	 -0.45 	 -3.29 	 12.84 	 5.098894
	 -0.52 	 -3.29 	 12.86 	 4.984035
	 -0.58 	 -3.28 	 12.88 	 4.855232
	 -0.65 	 -3.28 	 12.90 	 4.713194
	 -0.71 	 -3.27 	 12.92 	 4.558691
	 -0.78 	 -3.27 	 12.94 	 4.392555
	 -0.84 	 -3.26 	 12.96 	 4.215673
	 -0.91 	 -3.25 	 12.98 	 4.028976
	 -0.97 	 -3.24 	 13.00 	 3.833437
	 -1.04 	 -3.23 	 13.02 	 3.630059
	 -1.10 	 -3.22 	 13.04 	 3.419873
	 -1.17 	 -3.21 	 13.06 	 3.203924
	 -1.23 	 -3.20 	 13.08 	 2.983268
	 -1.29 	 -3.19 	 13.10 	 2.758964
	 -1.36 	 -3.17 	 13.12 	 2.532063
	 -1.42 	 -3.16 	 13.14 	 2.303608
	 -1.48 	 -3.14 	 13.16 	 2.074620
	 -1.55 	 -3.13 	 13.18 	 1.846095
	 -1.61 	 -3.11 	 13.20 	 1.618999
	 -1.67 	 -3.10 	 13.22 	 1.394259
	 -1.73 	 -3.08 	 13.24 	 1.172761
	 -1.79 	 -3.06 	 13.26 	 0.955343
	 -1.85 	 -3.05 	 13.28 	 0.742792
	 -1.91 	 -3.03 	 13.30 	 0.535840
	 -1.97 	 -3.01 	 13.32 	 0.335162
	 -2.03 	 -2.99 	 13.34 	 0.141372
	 -2.09 	 -2.97 	 13.36 	 -0.044979
	 -2.15 	 -2.95 	 13.38 	 -0.223401
	 -2.21 	 -2.93 	 13.40 	 -0.393472
	 -2.27 	 -2.90 	 13.42 	 -0.554832
	 -2.33 	 -2.88 	 13.44 	 -0.707186
	 -2.38 	 -2.86 	 13.46 	 -0.850301
	 -2.44 	 -2.83 	 13.48 	 -0.984009
	 -2.50 	 -2.81 	 13.50 	 -1.108200
	 -2.55 	 -2.78 	 13.52 	 -1.222824
	 -2.61 	 -2.76 	 13.54 	 -1.327886
	 -2.66 	 -2.73 	 13.56 	 -1.423443
	 -2.72 	 -2.71 	 13.58 	 -1.509605
	 -2.77 	 -2.68 	 13.60 	 -1.586524
	 -2.82 	 -2.65 	 13.62 	 -1.654401
	 -2.88 	 -2.62 	 13.64 	 -1.713471
	 -2.93 	 -2.59 	 13.66 	 -1.764009
	 -2.98 	 -2.57 	 13.68 	 -1.806318
	 -3.03 	 -2.54 	 13.70 	 -1.840732
	 -3.08 	 -2.51 	 13.72 	 -1.867607
	 -3.13 	 -2.47 	 13.74 	 -1.887320
	 -3.18 	 -2.44 	 13.76 	 -1.900264
	 -3.23 	 -2.41 	 13.78 	 -1.906846
	 -3.27 	 -2.38 	 13.80 	 -1.907479
	 -3.32 	 -2.35 	 13.82 	 -1.902584
	 -3.37 	 -2.31 	 13.84 	 -1.892584
	 -3.41 	 -2.28 	 13.86 	 -1.877900
	 -3.46 	 -2.25 	 13.88 	 -1.858952
	 -3.50 	 -2.21 	 13.90 	 -1.836149
	 -3.55 	 -2.18 	 13.92 	 -1.809896
	 -3.59 	 -2.14 	 13.94 	 -1.780583
	 -3.63 	 -2.10 	 13.96 	 -1.748591
	 -3.67 	 -2.07 	 13.98 	 -1.714282
	 -3.71 	 -2.03 	 14.00 	 -1.678004
	 -3.75 	 -1.99 	 14.02 	 -1.640087
	 -3.79 	 -1.96 	 14.04 	 -1.600842
	 -3.83 	 -1.92 	 14.06 	 -1.560558
	 -3.87 	 -1.88 	 14.08 	 -1.519508
	 -3.90 	 -1.84 	 14.10 	 -1.477940
	 -3.94 	 -1.80 	 14.12 	 -1.436084
	 -3.98 	 -1.76 	 14.14 	 -1.394145
	 -4.01 	 -1.72 	 14.16 	 -1.352310
	 -4.04 	 -1.68 	 14.18 	 -1.310743
	 -4.08 	 -1.64 	 14.20 	 -1.269588
	 -4.11 	 -1.60 	 14.22 	 -1.228967
	 -4.14 	 -1.56 	 14.24 	 -1.188984
	 -4.17 	 -1.52 	 14.26 	 -1.149722
	 -4.20 	 -1.48 	 14.28 	 -1.111247
	 -4.23 	 -1.44 	 14.30 	 -1.073607
	 -4.26 	 -1.39 	 14.32 	 -1.036830
	 -4.28 	 -1.35 	 14.34 	 -1.000933
	 -4.31 	 -1.31 	 14.36 	 -0.965913
	 -4.33 	 -1.27 	 14.38 	 -0.931756
	 -4.36 	 -1.22 	 14.40 	 -0.898433
	 -4.38 	 -1.18 	 14.42 	 -0.865902
	 -4.41 	 -1.13 	 14.44 	 -0.834112
	 -4.43 	 -1.09 	 14.46 	 -0.802999
	 -4.45 	 -1.05 	 14.48 	 -0.772491
	 -4.47 	 -1.00 	 14.50 	 -0.742506
	 -4.49 	 -0.96 	 14.52 	 -0.712956
	 -4.51 	 -0.91 	 14.54 	 -0.683743
	 -4.52 	 -0.87 	 14.56 	 -0.654766
	 -4.54 	 -0.82 	 14.58 	 -0.625917
	 -4.55 	 -0.78 	 14.60 	 -0.597083
	 -4.57 	 -0.73 	 14.62 	 -0.568146
	 -4.58 	 -0.69 	 14.64 	 -0.538988
	 -4.60 	 -0.64 	 14.66 	 -0.509484
	 -4.61 	 -0.59 	 14.68 	 -0.479510
	 -4.62 	 -0.55 	 14.70 	 -0.448938
	 -4.63 	 -0.50 	 14.72 	 -0.417639
	 -4.64 	 -0.46 	 14.74 	 -0.385484
	 -4.65 	 -0.41 	 14.76 	 -0.352342
	 -4.65 	 -0.36 	 14.78 	 -0.318083
	 -4.66 	 -0.32 	 14.80 	 -0.282577
	 -4.66 	 -0.27 	 14.82 	 -0.245692
	 -4.67 	 -0.22 	 14.84 	 -0.207301
	 -4.67 	 -0.18 	 14.86 	 -0.167274
	 -4.68 	 -0.13 	 14.88 	 -0.125483
	 -4.68 	 -0.08 	 14.90 	 -0.081802
	 -4.68 	 -0.04 	 14.92 	 -0.036106
	 -4.68 	 0.01 	 14.94 	 0.011730
	 -4.68 	 0.06 	 14.96 	 0.061826
	 -4.67 	 0.10 	 14.98 	 0.114304
	 -4.67 	 0.15 	 15.00 	 0.169281
	 -4.67 	 0.20 	 15.02 	 0.226873
	 -4.66 	 0.24 	 15.04 	 0.287193
	 -4.66 	 0.29 	 15.06 	 0.350355
	 -4.65 	 0.34 	 15.08 	 0.416464
	 -4.64 	 0.38 	 15.10 	 0.485629
	 -4.63 	 0.43 	 15.12 	 0.557950
	 -4.62 	 0.48 	 15.14 	 0.633527
	 -4.61 	 0.52 	 15.16 	 0.712455
	 -4.60 	 0.57 	 15.18 	 0.794826
	 -4.59 	 0.62 	 15.20 	 0.880726
	 -4.58 	 0.66 	 15.22 	 0.970239
	 -4.56 	 0.71 	 15.24 	 1.063441
	 -4.55 	 0.75 	 15.26 	 1.160402
	 -4.53 	 0.80 	 15.28 	 1.261190
	 -4.51 	 0.84 	 15.30 	 1.365861
	 -4.50 	 0.89 	 15.32 	 1.474466
	 -4.48 	 0.93 	 15.34 	 1.587050
	 -4.46 	 0.98 	 15.36 	 1.703645
	 -4.44 	 1.02 	 15.38 	 1.824278
	 -4.42 	 1.07 	 15.40 	 1.948963
	 -4.39 	 1.11 	 15.42 	 2.077703
	 -4.37 	 1.16 	 15.44 	 2.210491
	 -4.35 	 1.20 	 15.46 	 2.347307
	 -4.32 	 1.24 	 15.48 	 2.488116
	 -4.30 	 1.29 	 15.50 	 2.632871
	 -4.27 	 1.33 	 15.52 	 2.781507
	 -4.24 	 1.37 	 15.54 	 2.933946
	 -4.21 	 1.41 	 15.56 	 3.090091
	 -4.19 	 1.46 	 15.58 	 3.249828
	 -4.16 	 1.50 	 15.60 	 3.413023
	 -4.12 	 1.54 	 15.62 	 3.579525
	 -4.09 	 1.58 	 15.64 	 3.749162
	 -4.06 	 1.62 	 15.66 	 3.921739
	 -4.03 	 1.66 	 15.68 	 4.097043
	 -3.99 	 1.70 	 15.70 	 4.274837
	 -3.96 	 1.74 	 15.72 	 4.454862
	 -3.92 	 1.78 	 15.74 	 4.636836
	 -3.89 	 1.82 	 15.76 	 4.820456
	 -3.85 	 1.86 	 15.78 	 5.005393
	 -3.81 	 1.90 	 15.80 	 5.191298
	 -3.77 	 1.94 	 15.82 	 5.377800
	 -3.73 	 1.97 	 15.84 	 5.564502
	 -3.69 	 2.01 	 15.86 	 5.750991
	 -3.65 	 2.05 	 15.88 	 5.936830
	 -3.61 	 2.09 	 15.90 	 6.121563
	 -3.57 	 2.12 	 15.92 	 6.304716
	 -3.52 	 2.16 	 15.94 	 6.485801
	 -3.48 	 2.19 	 15.96 	 6.664311
	 -3.44 	 2.23 	 15.98 	 6.839729
	 -3.39 	 2.26 	 16.00 	 7.011525
	 -3.34 	 2.30 	 16.02 	 7.179164
	 -3.30 	 2.33 	 16.04 	 7.342101
	 -3.25 	 2.36 	 16.06 	 7.499793
	 -3.20 	 2.39 	 16.08 	 7.651693
	 -3.15 	 2.43 	 16.10 	 7.797260
	 -3.11 	 2.46 	 16.12 	 7.935959
	 -3.06 	 2.49 	 16.14 	 8.067266
	 -3.01 	 2.52 	 16.16 	 8.190671
	 -2.95 	 2.55 	 16.18 	 8.305682
	 -2.90 	 2.58 	 16.20 	 8.411830
	 -2.85 	 2.61 	 16.22 	 8.508672
	 -2.80 	 2.64 	 16.24 	 8.595793
	 -2.74 	 2.66 	 16.26 	 8.672815
	 -2.69 	 2.69 	 16.28 	 8.739396
	 -2.64 	 2.72 	 16.30 	 8.795237
	 -2.58 	 2.75 	 16.32 	 8.840083
	 -2.53 	 2.77 	 16.34 	 8.873731
	 -2.47 	 2.80 	 16.36 	 8.896026
	 -2.41 	 2.82 	 16.38 	 8.906874
	 -2.36 	 2.85 	 16.40 	 8.906236
	 -2.30 	 2.87 	 16.42 	 8.894133
	 -2.24 	 2.89 	 16.44 	 8.870651
	 -2.18 	 2.91 	 16.46 	 8.835939
	 -2.12 	 2.94 	 16.48 	 8.790213
	 -2.07 	 2.96 	 16.50 	 8.733755
	 -2.01 	 2.98 	 16.52 	 8.666912
	 -1.95 	 3.00 	 16.54 	 8.590099
	 -1.89 	 3.02 	 16.56 	 8.503795
	 -1.82 	 3.04 	 16.58 	 8.408545
	 -1.76 	 3.05 	 16.60 	 8.304952
	 -1.70 	 3.07 	 16.62 	 8.193683
	 -1.64 	 3.09 	 16.64 	 8.075457
	 -1.58 	 3.11 	 16.66 	 7.951047
	 -1.52 	 3.12 	 16.68 	 7.821274
	 -1.45 	 3.14 	 16.70 	 7.687003
	 -1.39 	 3.15 	 16.72 	 7.549135
	 -1.33 	 3.17 	 16.74 	 7.408604
	 -1.26 	 3.18 	 16.76 	 7.266370
	 -1.20 	 3.19 	 16.78 	 7.123413
	 -1.14 	 3.20 	 16.80 	 6.980724
	 -1.07 	 3.21 	 16.82 	 6.839301
	 -1.01 	 3.23 	 16.84 	 6.700139
	 -0.94 	 3.24 	 16.86 	 6.564223
	 -0.88 	 3.24 	 16.88 	 6.432523
	 -0.81 	 3.25 	 16.90 	 6.305983
	 -0.75 	 3.26 	 16.92 	 6.185517
	 -0.68 	 3.27 	 16.94 	 6.071997
	 -0.62 	 3.28 	 16.96 	 5.966253
	 -0.55 	 3.28 	 16.98 	 5.869058
	 -0.48 	 3.29 	 17.00 	 5.781129
	 -0.42 	 3.29 	 17.02 	 5.703117
	 -0.35 	 3.30 	 17.04 	 5.635602
	 -0.29 	 3.30 	 17.06 	 5.579089
	 -0.22 	 3.30 	 17.08 	 5.534004
	 -0.15 	 3.31 	 17.10 	 5.500689
	 -0.09 	 3.31 	 17.12 	 5.479401
	 -0.02 	 3.31 	 17.14 	 5.470308
	 0.04 	 3.31 	 17.16 	 5.473489
	 0.11 	 3.31 	 17.18 	 5.488930
	 0.18 	 3.31 	 17.20 	 5.516531
	 0.24 	 3.30 	 17.22 	 5.556100
	 0.31 	 3.30 	 17.24 	 5.607357
	 0.37 	 3.30 	 17.26 	 5.669938
	 0.44 	 3.30 	 17.28 	 5.743395
	 0.51 	 3.29 	 17.30 	 5.827202
	 0.57 	 3.29 	 17.32 	 5.920760
	 0.64 	 3.28 	 17.34 	 6.023399
	 0.70 	 3.27 	 17.36 	 6.134387
	 0.77 	 3.27 	 17.38 	 6.252933
	 0.83 	 3.26 	 17.40 	 6.378196
	 0.90 	 3.25 	 17.42 	 6.509289
	 0.96 	 3.24 	 17.44 	 6.645288
	 1.03 	 3.23 	 17.46 	 6.785241
	 1.09 	 3.22 	 17.48 	 6.928172
	 1.16 	 3.21 	 17.50 	 7.073088
	 1.22 	 3.20 	 17.52 	 7.218993
	 1.28 	 3.19 	 17.54 	 7.364885
	 1.35 	 3.17 	 17.56 	 7.509775
	 1.41 	 3.16 	 17.58 	 7.652683
	 1.47 	 3.15 	 17.60 	 7.792653
	 1.54 	 3.13 	 17.62 	 7.928757
	 1.60 	 3.12 	 17.64 	 8.060097
	 1.66 	 3.10 	 17.66 	 8.185819
	 1.72 	 3.08 	 17.68 	 8.305108
	 1.78 	 3.07 	 17.70 	 8.417203
	 1.85 	 3.05 	 17.72 	 8.521393
	 1.91 	 3.03 	 17.74 	 8.617026
	 1.97 	 3.01 	 17.76 	 8.703508
	 2.03 	 2.99 	 17.78 	 8.780309
	 2.09 	 2.97 	 17.80 	 8.846963
	 2.14 	 2.95 	 17.82 	 8.903068
	 2.20 	 2.93 	 17.84 	 8.948290
	 2.26 	 2.91 	 17.86 	 8.982362
	 2.32 	 2.88 	 17.88 	 9.005082
	 2.38 	 2.86 	 17.90 	 9.016314
	 2.43 	 2.84 	 17.92 	 9.015987
	 2.49 	 2.81 	 17.94 	 9.004092
	 2.54 	 2.79 	 17.96 	 8.980678
	 2.60 	 2.76 	 17.98 	 8.945856
	 2.65 	 2.74 	 18.00 	 8.899788
	 2.71 	 2.71 	 18.02 	 8.842691
	 2.76 	 2.68 	 18.04 	 8.774828
	 2.82 	 2.66 	 18.06 	 8.696508
	 2.87 	 2.63 	 18.08 	 8.608082
	 2.92 	 2.60 	 18.10 	 8.509936
	 2.97 	 2.57 	 18.12 	 8.402491
	 3.02 	 2.54 	 18.14 	 8.286196
	 3.07 	 2.51 	 18.16 	 8.161527
	 3.12 	 2.48 	 18.18 	 8.028979
	 3.17 	 2.45 	 18.20 	 7.889068
	 3.22 	 2.42 	 18.22 	 7.742318
	 3.27 	 2.38 	 18.24 	 7.589269
	 3.31 	 2.35 	 18.26 	 7.430462
	 3.36 	 2.32 	 18.28 	 7.266445
	 3.41 	 2.28 	 18.30 	 7.097763
	 3.45 	 2.25 	 18.32 	 6.924959
	 3.50 	 2.22 	 18.34 	 6.748569
	 3.54 	 2.18 	 18.36 	 6.569120
	 3.58 	 2.15 	 18.38 	 6.387129
	 3.62 	 2.11 	 18.40 	 6.203100
	 3.67 	 2.07 	 18.42 	 6.017520
	 3.71 	 2.04 	 18.44 	 5.830860
	 3.75 	 2.00 	 18.46 	 5.643572
	 3.79 	 1.96 	 18.48 	 5.456091
	 3.82 	 1.92 	 18.50 	 5.268829
	 3.86 	 1.89 	 18.52 	 5.082177
	 3.90 	 1.85 	 18.54 	 4.896504
	 3.93 	 1.81 	 18.56 	 4.712156
	 3.97 	 1.77 	 18.58 	 4.529459
	 4.00 	 1.73 	 18.60 	 4.348713
	 4.04 	 1.69 	 18.62 	 4.170196
	 4.07 	 1.65 	 18.64 	 3.994165
	 4.10 	 1.61 	 18.66 	 3.820854
	 4.13 	 1.57 	 18.68 	 3.650473
	 4.17 	 1.53 	 18.70 	 3.483216
	 4.20 	 1.48 	 18.72 	 3.319250
	 4.22 	 1.44 	 18.74 	 3.158727
	 4.25 	 1.40 	 18.76 	 3.001777
	 4.28 	 1.36 	 18.78 	 2.848513
	 4.31 	 1.31 	 18.80 	 2.699030
	 4.33 	 1.27 	 18.82 	 2.553406
	 4.36 	 1.23 	 18.84 	 2.411704
	 4.38 	 1.18 	 18.86 	 2.273970
	 4.40 	 1.14 	 18.88 	 2.140237
	 4.42 	 1.10 	 18.90 	 2.010527
	 4.44 	 1.05 	 18.92 	 1.884845
	 4.47 	 1.01 	 18.94 	 1.763189
	 4.48 	 0.96 	 18.96 	 1.645543
	 4.50 	 0.92 	 18.98 	 1.531882
	 4.52 	 0.87 	 19.00 	 1.422173
	 4.54 	 0.83 	 19.02 	 1.316372
	 4.55 	 0.78 	 19.04 	 1.214429
	 4.57 	 0.74 	 19.06 	 1.116287
	 4.58 	 0.69 	 19.08 	 1.021881
	 4.59 	 0.65 	 19.10 	 0.931140
	 4.61 	 0.60 	 19.12 	 0.843989
	 4.62 	 0.55 	 19.14 	 0.760346
	 4.63 	 0.51 	 19.16 	 0.680124
	 4.64 	 0.46 	 19.18 	 0.603235
	 4.64 	 0.42 	 19.20 	 0.529583
	 4.65 	 0.37 	 19.22 	 0.459071
	 4.66 	 0.32 	 19.24 	 0.391597
	 4.66 	 0.28 	 19.26 	 0.327056
	 4.67 	 0.23 	 19.28 	 0.265342
	 4.67 	 0.18 	 19.30 	 0.206345
	 4.68 	 0.14 	 19.32 	 0.149951
	 4.68 	 0.09 	 19.34 	 0.096046
	 4.68 	 0.04 	 19.36 	 0.044513
	 4.68 	 -0.00 	 19.38 	 -0.004767
	 4.68 	 -0.05 	 19.40 	 -0.051914
	 4.67 	 -0.10 	 19.42 	 -0.097052
	 4.67 	 -0.14 	 19.44 	 -0.140304
	 4.67 	 -0.19 	 19.46 	 -0.181795
	 4.66 	 -0.24 	 19.48 	 -0.221653
	 4.66 	 -0.28 	 19.50 	 -0.260005
	 4.65 	 -0.33 	 19.52 	 -0.296979
	 4.64 	 -0.38 	 19.54 	 -0.332705
	 4.63 	 -0.42 	 19.56 	 -0.367312
	 4.63 	 -0.47 	 19.58 	 -0.400928
	 4.61 	 -0.52 	 19.60 	 -0.433684
	 4.60 	 -0.56 	 19.62 	 -0.465708
	 4.59 	 -0.61 	 19.64 	 -0.497127
	 4.58 	 -0.66 	 19.66 	 -0.528067
	 4.56 	 -0.70 	 19.68 	 -0.558653
	 4.55 	 -0.75 	 19.70 	 -0.589007
	 4.53 	 -0.79 	 19.72 	 -0.619247
	 4.52 	 -0.84 	 19.74 	 -0.649489
	 4.50 	 -0.88 	 19.76 	 -0.679844
	 4.48 	 -0.93 	 19.78 	 -0.710418
	 4.46 	 -0.97 	 19.80 	 -0.741312
	 4.44 	 -1.02 	 19.82 	 -0.772620
	 4.42 	 -1.06 	 19.84 	 -0.804431
	 4.40 	 -1.11 	 19.86 	 -0.836822
	 4.37 	 -1.15 	 19.88 	 -0.869865
	 4.35 	 -1.19 	 19.90 	 -0.903620
	 4.33 	 -1.24 	 19.92 	 -0.938138
	 4.30 	 -1.28 	 19.94 	 -0.973456
	 4.27 	 -1.32 	 19.96 	 -1.009601
	 4.25 	 -1.37 	 19.98 	 -1.046586
	 4.22 	 -1.41 	 20.00 	 -1.084407
	 4.19 	 -1.45 	 20.02 	 -1.123048
	 4.16 	 -1.49 	 20.04 	 -1.162475
	 4.13 	 -1.53 	 20.06 	 -1.202637
	 4.10 	 -1.58 	 20.08 	 -1.243465
	 4.07 	 -1.62 	 20.10 	 -1.284872
	 4.03 	 -1.66 	 20.12 	 -1.326751
	 4.00 	 -1.70 	 20.14 	 -1.368975
	 3.96 	 -1.74 	 20.16 	 -1.411397
	 3.93 	 -1.78 	 20.18 	 -1.453847
	 3.89 	 -1.82 	 20.20 	 -1.496137
	 3.85 	 -1.85 	 20.22 	 -1.538055
	 3.82 	 -1.89 	 20.24 	 -1.579369
	 3.78 	 -1.93 	 20.26 	 -1.619825
	 3.74 	 -1.97 	 20.28 	 -1.659149
	 3.70 	 -2.01 	 20.30 	 -1.697047
	 3.66 	 -2.04 	 20.32 	 -1.733203
	 3.62 	 -2.08 	 20.34 	 -1.767285
	 3.57 	 -2.12 	 20.36 	 -1.798943
	 3.53 	 -2.15 	 20.38 	 -1.827810
	 3.49 	 -2.19 	 20.40 	 -1.853504
	 3.44 	 -2.22 	 20.42 	 -1.875634
	 3.40 	 -2.26 	 20.44 	 -1.893793
	 3.35 	 -2.29 	 20.46 	 -1.907569
	 3.30 	 -2.32 	 20.48 	 -1.916545
	 3.26 	 -2.36 	 20.50 	 -1.920297
	 3.21 	 -2.39 	 20.52 	 -1.918406
	 3.16 	 -2.42 	 20.54 	 -1.910451
	 3.11 	 -2.45 	 20.56 	 -1.896021
	 3.06 	 -2.48 	 20.58 	 -1.874713
	 3.01 	 -2.52 	 20.60 	 -1.846138
	 2.96 	 -2.55 	 20.62 	 -1.809924
	 2.91 	 -2.58 	 20.64 	 -1.765719
	 2.86 	 -2.60 	 20.66 	 -1.713199
	 2.81 	 -2.63 	 20.68 	 -1.652064
	 2.75 	 -2.66 	 20.70 	 -1.582051
	 2.70 	 -2.69 	 20.72 	 -1.502931
	 2.64 	 -2.72 	 20.74 	 -1.414517
	 2.59 	 -2.74 	 20.76 	 -1.316664
	 2.53 	 -2.77 	 20.78 	 -1.209276
	 2.48 	 -2.79 	 20.80 	 -1.092306
	 2.42 	 -2.82 	 20.82 	 -0.965764
	 2.36 	 -2.84 	 20.84 	 -0.829713
	 2.31 	 -2.87 	 20.86 	 -0.684276
	 2.25 	 -2.89 	 20.88 	 -0.529638
	 2.19 	 -2.91 	 20.90 	 -0.366044
	 2.13 	 -2.93 	 20.92 	 -0.193806
	 2.07 	 -2.95 	 20.94 	 -0.013297
	 2.01 	 -2.98 	 20.96 	 0.175043
	 1.95 	 -3.00 	 20.98 	 0.370710
	 1.89 	 -3.01 	 21.00 	 0.573139
	 1.83 	 -3.03 	 21.02 	 0.781701
	 1.77 	 -3.05 	 21.04 	 0.995707
	 1.71 	 -3.07 	 21.06 	 1.214412
	 1.65 	 -3.09 	 21.08 	 1.437016
	 1.59 	 -3.10 	 21.10 	 1.662669
	 1.52 	 -3.12 	 21.12 	 1.890476
	 1.46 	 -3.13 	 21.14 	 2.119499
	 1.40 	 -3.15 	 21.16 	 2.348765
	 1.34 	 -3.16 	 21.18 	 2.577270
	 1.27 	 -3.18 	 21.20 	 2.803988
	 1.21 	 -3.19 	 21.22 	 3.027873
	 1.14 	 -3.20 	 21.24 	 3.247871
	 1.08 	 -3.21 	 21.26 	 3.462923
	 1.02 	 -3.22 	 21.28 	 3.671973
	 0.95 	 -3.23 	 21.30 	 3.873980
	 0.89 	 -3.24 	 21.32 	 4.067918
	 0.82 	 -3.25 	 21.34 	 4.252789
	 0.76 	 -3.26 	 21.36 	 4.427630
	 0.69 	 -3.27 	 21.38 	 4.591519
	 0.62 	 -3.27 	 21.40 	 4.743580
	 0.56 	 -3.28 	 21.42 	 4.882995
	 0.49 	 -3.29 	 21.44 	 5.009007
	 0.43 	 -3.29 	 21.46 	 5.120925
	 0.36 	 -3.30 	 21.48 	 5.218133
	 0.30 	 -3.30 	 21.50 	 5.300092
	 0.23 	 -3.30 	 21.52 	 5.366345
	 0.16 	 -3.30 	 21.54 	 5.416524
	 0.10 	 -3.31 	 21.56 	 5.450347
	 0.03 	 -3.31 	 21.58 	 5.467624
	 -0.03 	 -3.31 	 21.60 	 5.468259
	 -0.10 	 -3.31 	 21.62 	 5.452249
	 -0.17 	 -3.31 	 21.64 	 5.419686
	 -0.23 	 -3.30 	 21.66 	 5.370754
	 -0.30 	 -3.30 	 21.68 	 5.305728
	 -0.37 	 -3.30 	 21.70 	 5.224974
	 -0.43 	 -3.30 	 21.72 	 5.128944
	 -0.50 	 -3.29 	 21.74 	 5.018171
	 -0.56 	 -3.29 	 21.76 	 4.893268
	 -0.63 	 -3.28 	 21.78 	 4.754920
	 -0.69 	 -3.27 	 21.80 	 4.603882
	 -0.76 	 -3.27 	 21.82 	 4.440969
	 -0.82 	 -3.26 	 21.84 	 4.267052
	 -0.89 	 -3.25 	 21.86 	 4.083051
	 -0.95 	 -3.24 	 21.88 	 3.889928
	 -1.02 	 -3.23 	 21.90 	 3.688677
	 -1.08 	 -3.22 	 21.92 	 3.480323
	 -1.15 	 -3.21 	 21.94 	 3.265907
	 -1.21 	 -3.20 	 21.96 	 3.046483
	 -1.28 	 -3.19 	 21.98 	 2.823109
	 -1.34 	 -3.18 	 22.00 	 2.596840
	 -1.40 	 -3.16 	 22.02 	 2.368723
	 -1.47 	 -3.15 	 22.04 	 2.139783
	 -1.53 	 -3.13 	 22.06 	 1.911027
	 -1.59 	 -3.12 	 22.08 	 1.683428
	 -1.65 	 -3.10 	 22.10 	 1.457926
	 -1.71 	 -3.09 	 22.12 	 1.235417
	 -1.78 	 -3.07 	 22.14 	 1.016756
	 -1.84 	 -3.05 	 22.16 	 0.802743
	 -1.90 	 -3.03 	 22.18 	 0.594126
	 -1.96 	 -3.01 	 22.20 	 0.391598
	 -2.02 	 -2.99 	 22.22 	 0.195788
	 -2.08 	 -2.97 	 22.24 	 0.007268
	 -2.14 	 -2.95 	 22.26 	 -0.173457
	 -2.19 	 -2.93 	 22.28 	 -0.345944
	 -2.25 	 -2.91 	 22.30 	 -0.509816
	 -2.31 	 -2.89 	 22.32 	 -0.664759
	 -2.37 	 -2.86 	 22.34 	 -0.810523
	 -2.42 	 -2.84 	 22.36 	 -0.946922
	 -2.48 	 -2.82 	 22.38 	 -1.073830
	 -2.54 	 -2.79 	 22.40 	 -1.191178
	 -2.59 	 -2.77 	 22.42 	 -1.298957
	 -2.65 	 -2.74 	 22.44 	 -1.397211
	 -2.70 	 -2.71 	 22.46 	 -1.486032
	 -2.75 	 -2.69 	 22.48 	 -1.565564
	 -2.81 	 -2.66 	 22.50 	 -1.635991
	 -2.86 	 -2.63 	 22.52 	 -1.697542
	 -2.91 	 -2.60 	 22.54 	 -1.750478
	 -2.96 	 -2.57 	 22.56 	 -1.795096
	 -3.02 	 -2.54 	 22.58 	 -1.831721
	 -3.07 	 -2.51 	 22.60 	 -1.860704
	 -3.11 	 -2.48 	 22.62 	 -1.882416
	 -3.16 	 -2.45 	 22.64 	 -1.897246
	 -3.21 	 -2.42 	 22.66 	 -1.905597
	 -3.26 	 -2.39 	 22.68 	 -1.907880
	 -3.31 	 -2.36 	 22.70 	 -1.904515
	 -3.35 	 -2.32 	 22.72 	 -1.895925
	 -3.40 	 -2.29 	 22.74 	 -1.882532
	 -3.44 	 -2.26 	 22.76 	 -1.864754
	 -3.49 	 -2.22 	 22.78 	 -1.843007
	 -3.53 	 -2.19 	 22.80 	 -1.817695
	 -3.58 	 -2.15 	 22.82 	 -1.789215
	 -3.62 	 -2.11 	 22.84 	 -1.757947
	 -3.66 	 -2.08 	 22.86 	 -1.724261
	 -3.70 	 -2.04 	 22.88 	 -1.688510
	 -3.74 	 -2.00 	 22.90 	 -1.651027
	 -3.78 	 -1.97 	 22.92 	 -1.612128
	 -3.82 	 -1.93 	 22.94 	 -1.572112
	 -3.86 	 -1.89 	 22.96 	 -1.531254
	 -3.89 	 -1.85 	 22.98 	 -1.489809
	 -3.93 	 -1.81 	 23.00 	 -1.448013
	 -3.97 	 -1.77 	 23.02 	 -1.406078
	 -4.00 	 -1.73 	 23.04 	 -1.364195
	 -4.03 	 -1.69 	 23.06 	 -1.322537
	 -4.07 	 -1.65 	 23.08 	 -1.281251
	 -4.10 	 -1.61 	 23.10 	 -1.240466
	 -4.13 	 -1.57 	 23.12 	 -1.200292
	 -4.16 	 -1.53 	 23.14 	 -1.160818
	 -4.19 	 -1.49 	 23.16 	 -1.122114
	 -4.22 	 -1.45 	 23.18 	 -1.084232
	 -4.25 	 -1.41 	 23.20 	 -1.047207
	 -4.28 	 -1.36 	 23.22 	 -1.011059
	 -4.30 	 -1.32 	 23.24 	 -0.975791
	 -4.33 	 -1.28 	 23.26 	 -0.941390
	 -4.35 	 -1.23 	 23.28 	 -0.907833
	 -4.38 	 -1.19 	 23.30 	 -0.875082
	 -4.40 	 -1.15 	 23.32 	 -0.843087
	 -4.42 	 -1.10 	 23.34 	 -0.811789
	 -4.44 	 -1.06 	 23.36 	 -0.781116
	 -4.46 	 -1.01 	 23.38 	 -0.750991
	 -4.48 	 -0.97 	 23.40 	 -0.721327
	 -4.50 	 -0.93 	 23.42 	 -0.692028
	 -4.52 	 -0.88 	 23.44 	 -0.662995
	 -4.53 	 -0.83 	 23.46 	 -0.634121
	 -4.55 	 -0.79 	 23.48 	 -0.605294
	 -4.57 	 -0.74 	 23.50 	 -0.576399
	 -4.58 	 -0.70 	 23.52 	 -0.547316
	 -4.59 	 -0.65 	 23.54 	 -0.517923
	 -4.60 	 -0.61 	 23.56 	 -0.488096
	 -4.62 	 -0.56 	 23.58 	 -0.457707
	 -4.63 	 -0.51 	 23.60 	 -0.426628
	 -4.64 	 -0.47 	 23.62 	 -0.394730
	 -4.64 	 -0.42 	 23.64 	 -0.361882
	 -4.65 	 -0.38 	 23.66 	 -0.327954
	 -4.66 	 -0.33 	 23.68 	 -0.292816
	 -4.66 	 -0.28 	 23.70 	 -0.256337
	 -4.67 	 -0.24 	 23.72 	 -0.218388
	 -4.67 	 -0.19 	 23.74 	 -0.178839
	 -4.67 	 -0.14 	 23.76 	 -0.137563
	 -4.68 	 -0.10 	 23.78 	 -0.094433
	 -4.68 	 -0.05 	 23.80 	 -0.049323
	 -4.68 	 -0.00 	 23.82 	 -0.002109
	 -4.68 	 0.04 	 23.84 	 0.047332
	 -4.67 	 0.09 	 23.86 	 0.099120
	 -4.67 	 0.14 	 23.88 	 0.153373
	 -4.67 	 0.18 	 23.90 	 0.210209
	 -4.66 	 0.23 	 23.92 	 0.269742
	 -4.66 	 0.28 	 23.94 	 0.332084
	 -4.65 	 0.32 	 23.96 	 0.397344
	 -4.64 	 0.37 	 23.98 	 0.465628
	 -4.64 	 0.42 	 24.00 	 0.537040
	 -4.63 	 0.46 	 24.02 	 0.611681
	 -4.62 	 0.51 	 24.04 	 0.689646
	 -4.61 	 0.56 	 24.06 	 0.771028
	 -4.59 	 0.60 	 24.08 	 0.855916
	 -4.58 	 0.65 	 24.10 	 0.944392
	 -4.57 	 0.69 	 24.12 	 1.036536
	 -4.55 	 0.74 	 24.14 	 1.132421
	 -4.54 	 0.79 	 24.16 	 1.232113
	 -4.52 	 0.83 	 24.18 	 1.335674
	 -4.50 	 0.88 	 24.20 	 1.443155
	 -4.48 	 0.92 	 24.22 	 1.554602
	 -4.46 	 0.97 	 24.24 	 1.670053
	 -4.44 	 1.01 	 24.26 	 1.789535
	 -4.42 	 1.06 	 24.28 	 1.913066
	 -4.40 	 1.10 	 24.30 	 2.040652
	 -4.38 	 1.14 	 24.32 	 2.172290
	 -4.35 	 1.19 	 24.34 	 2.307962
	 -4.33 	 1.23 	 24.36 	 2.447639
	 -4.30 	 1.27 	 24.38 	 2.591277
	 -4.28 	 1.32 	 24.40 	 2.738816
	 -4.25 	 1.36 	 24.42 	 2.890182
	 -4.22 	 1.40 	 24.44 	 3.045283
	 -4.19 	 1.44 	 24.46 	 3.204010
	 -4.16 	 1.49 	 24.48 	 3.366236
	 -4.13 	 1.53 	 24.50 	 3.531813
	 -4.10 	 1.57 	 24.52 	 3.700577
	 -4.07 	 1.61 	 24.54 	 3.872338
	 -4.04 	 1.65 	 24.56 	 4.046889
	 -4.00 	 1.69 	 24.58 	 4.224000
	 -3.97 	 1.73 	 24.60 	 4.403417
	 -3.93 	 1.77 	 24.62 	 4.584867
	 -3.90 	 1.81 	 24.64 	 4.768050
	 -3.86 	 1.85 	 24.66 	 4.952647
	 -3.82 	 1.89 	 24.68 	 5.138314
	 -3.78 	 1.93 	 24.70 	 5.324685
	 -3.74 	 1.96 	 24.72 	 5.511372
	 -3.70 	 2.00 	 24.74 	 5.697965
	 -3.66 	 2.04 	 24.76 	 5.884034
	 -3.62 	 2.08 	 24.78 	 6.069129
	 -3.58 	 2.11 	 24.80 	 6.252781
	 -3.54 	 2.15 	 24.82 	 6.434506
	 -3.49 	 2.18 	 24.84 	 6.613800
	 -3.45 	 2.22 	 24.86 	 6.790152
	 -3.40 	 2.25 	 24.88 	 6.963033
	 -3.36 	 2.29 	 24.90 	 7.131910
	 -3.31 	 2.32 	 24.92 	 7.296241
	 -3.26 	 2.35 	 24.94 	 7.455481
	 -3.22 	 2.39 	 24.96 	 7.609085
	 -3.17 	 2.42 	 24.98 	 7.756509
	 -3.12 	 2.45 	 25.00 	 7.897216
	 -3.07 	 2.48 	 25.02 	 8.030679
	 -3.02 	 2.51 	 25.04 	 8.156384
	 -2.97 	 2.54 	 25.06 	 8.273833
	 -2.92 	 2.57 	 25.08 	 8.382550
	 -2.87 	 2.60 	 25.10 	 8.482084
	 -2.81 	 2.63 	 25.12 	 8.572012
	 -2.76 	 2.66 	 25.14 	 8.651944
	 -2.71 	 2.68 	 25.16 	 8.721529
	 -2.65 	 2.71 	 25.18 	 8.780454
	 -2.60 	 2.74 	 25.20 	 8.828453
	 -2.54 	 2.76 	 25.22 	 8.865305
	 -2.49 	 2.79 	 25.24 	 8.890844
	 -2.43 	 2.81 	 25.26 	 8.904956
	 -2.37 	 2.84 	 25.28 	 8.907587
	 -2.32 	 2.86 	 25.30 	 8.898740
	 -2.26 	 2.89 	 25.32 	 8.878484
	 -2.20 	 2.91 	 25.34 	 8.846950
	 -2.14 	 2.93 	 25.36 	 8.804333
	 -2.08 	 2.95 	 25.38 	 8.750896
	 -2.02 	 2.97 	 25.40 	 8.686969
	 -1.96 	 2.99 	 25.42 	 8.612948
	 -1.90 	 3.01 	 25.44 	 8.529292
	 -1.84 	 3.03 	 25.46 	 8.436529
	 -1.78 	 3.05 	 25.48 	 8.335245
	 -1.72 	 3.07 	 25.50 	 8.226090
	 -1.66 	 3.08 	 25.52 	 8.109767
	 -1.60 	 3.10 	 25.54 	 7.987035
	 -1.53 	 3.12 	 25.56 	 7.858703
	 -1.47 	 3.13 	 25.58 	 7.725622
	 -1.41 	 3.15 	 25.60 	 7.588683
	 -1.34 	 3.16 	 25.62 	 7.448814
	 -1.28 	 3.17 	 25.64 	 7.306966
	 -1.22 	 3.19 	 25.66 	 7.164114
	 -1.15 	 3.20 	 25.68 	 7.021247
	 -1.09 	 3.21 	 25.70 	 6.879362
	 -1.02 	 3.22 	 25.72 	 6.739455
	 -0.96 	 3.23 	 25.74 	 6.602516
	 -0.90 	 3.24 	 25.76 	 6.469519
	 -0.83 	 3.25 	 25.78 	 6.341416
	 -0.76 	 3.26 	 25.80 	 6.219130
	 -0.70 	 3.27 	 25.82 	 6.103547
	 -0.63 	 3.27 	 25.84 	 5.995509
	 -0.57 	 3.28 	 25.86 	 5.895805
	 -0.50 	 3.29 	 25.88 	 5.805170
	 -0.44 	 3.29 	 25.90 	 5.724274
	 -0.37 	 3.30 	 25.92 	 5.653716
	 -0.31 	 3.30 	 25.94 	 5.594026
	 -0.24 	 3.30 	 25.96 	 5.545650
	 -0.17 	 3.30 	 25.98 	 5.508956
	 -0.11 	 3.31 	 26.00 	 5.484224
	 -0.04 	 3.31 	 26.02 	 5.471649
	 0.03 	 3.31 	 26.04 	 5.471333
	 0.09 	 3.31 	 26.06 	 5.483292
	 0.16 	 3.31 	 26.08 	 5.507448
	 0.22 	 3.30 	 26.10 	 5.543636
	 0.29 	 3.30 	 26.12 	 5.591600
	 0.36 	 3.30 	 26.14 	 5.651000
	 0.42 	 3.30 	 26.16 	 5.721411
	 0.49 	 3.29 	 26.18 	 5.802331
	 0.55 	 3.29 	 26.20 	 5.893179
	 0.62 	 3.28 	 26.22 	 5.993306
	 0.68 	 3.28 	 26.24 	 6.101996
	 0.75 	 3.27 	 26.26 	 6.218475
	 0.82 	 3.26 	 26.28 	 6.341914
	 0.88 	 3.25 	 26.30 	 6.471440
	 0.95 	 3.24 	 26.32 	 6.606139
	 1.01 	 3.23 	 26.34 	 6.745066
	 1.07 	 3.22 	 26.36 	 6.887249
	 1.14 	 3.21 	 26.38 	 7.031702
	 1.20 	 3.20 	 26.40 	 7.177427
	 1.27 	 3.19 	 26.42 	 7.323425
	 1.33 	 3.18 	 26.44 	 7.468700
	 1.39 	 3.16 	 26.46 	 7.612270
	 1.46 	 3.15 	 26.48 	 7.753173
	 1.52 	 3.14 	 26.50 	 7.890469
	 1.58 	 3.12 	 26.52 	 8.023254
	 1.64 	 3.10 	 26.54 	 8.150660
	 1.71 	 3.09 	 26.56 	 8.271859
	 1.77 	 3.07 	 26.58 	 8.386077
	 1.83 	 3.05 	 26.60 	 8.492585
	 1.89 	 3.04 	 26.62 	 8.590717
	 1.95 	 3.02 	 26.64 	 8.679860
	 2.01 	 3.00 	 26.66 	 8.759466
	 2.07 	 2.98 	 26.68 	 8.829051
	 2.13 	 2.96 	 26.70 	 8.888195
	 2.19 	 2.94 	 26.72 	 8.936545
	 2.24 	 2.91 	 26.74 	 8.973813
	 2.30 	 2.89 	 26.76 	 8.999781
	 2.36 	 2.87 	 26.78 	 9.014293
	 2.42 	 2.84 	 26.80 	 9.017259
	 2.47 	 2.82 	 26.82 	 9.008653
	 2.53 	 2.80 	 26.84 	 8.988509
	 2.58 	 2.77 	 26.86 	 8.956919
	 2.64 	 2.74 	 26.88 	 8.914031
	 2.69 	 2.72 	 26.90 	 8.860048
	 2.75 	 2.69 	 26.92 	 8.795220
	 2.80 	 2.66 	 26.94 	 8.719842
	 2.85 	 2.64 	 26.96 	 8.634254
	 2.91 	 2.61 	 26.98 	 8.538833
	 2.96 	 2.58 	 27.00 	 8.433989
	 3.01 	 2.55 	 27.02 	 8.320166
	 3.06 	 2.52 	 27.04 	 8.197830
	 3.11 	 2.49 	 27.06 	 8.067474
	 3.16 	 2.46 	 27.08 	 7.929605
	 3.21 	 2.42 	 27.10 	 7.784747
	 3.25 	 2.39 	 27.12 	 7.633435
	 3.30 	 2.36 	 27.14 	 7.476212
	 3.35 	 2.33 	 27.16 	 7.313622
	 3.39 	 2.29 	 27.18 	 7.146212
	 3.44 	 2.26 	 27.20 	 6.974526
	 3.48 	 2.23 	 27.22 	 6.799102
	 3.53 	 2.19 	 27.24 	 6.620471
	 3.57 	 2.16 	 27.26 	 6.439152
	 3.61 	 2.12 	 27.28 	 6.255652
	 3.65 	 2.08 	 27.30 	 6.070464
	 3.69 	 2.05 	 27.32 	 5.884065
	 3.73 	 2.01 	 27.34 	 5.696911
	 3.77 	 1.97 	 27.36 	 5.509442
	 3.81 	 1.93 	 27.38 	 5.322077
	 3.85 	 1.90 	 27.40 	 5.135213
	 3.89 	 1.86 	 27.42 	 4.949224
	 3.92 	 1.82 	 27.44 	 4.764466
	 3.96 	 1.78 	 27.46 	 4.581267
	 3.99 	 1.74 	 27.48 	 4.399936
	 4.03 	 1.70 	 27.50 	 4.220758
	 4.06 	 1.66 	 27.52 	 4.043995
	 4.09 	 1.62 	 27.54 	 3.869887
	 4.13 	 1.58 	 27.56 	 3.698652
	 4.16 	 1.54 	 27.58 	 3.530488
	 4.19 	 1.50 	 27.60 	 3.365569
	 4.22 	 1.45 	 27.62 	 3.204052
	 4.24 	 1.41 	 27.64 	 3.046073
	 4.27 	 1.37 	 27.66 	 2.891750
	 4.30 	 1.33 	 27.68 	 2.741182
	 4.32 	 1.28 	 27.70 	 2.594453
	 4.35 	 1.24 	 27.72 	 2.451629
	 4.37 	 1.20 	 27.74 	 2.312761
	 4.40 	 1.15 	 27.76 	 2.177888
	 4.42 	 1.11 	 27.78 	 2.047031
	 4.44 	 1.07 	 27.80 	 1.920203
	 4.46 	 1.02 	 27.82 	 1.797402
	 4.48 	 0.98 	 27.84 	 1.678617
	 4.50 	 0.93 	 27.86 	 1.563825
	 4.52 	 0.89 	 27.88 	 1.452995
	 4.53 	 0.84 	 27.90 	 1.346087
	 4.55 	 0.80 	 27.92 	 1.243052
	 4.56 	 0.75 	 27.94 	 1.143834
	 4.58 	 0.70 	 27.96 	 1.048372
	 4.59 	 0.66 	 27.98 	 0.956595
	 4.60 	 0.61 	 28.00 	 0.868430
	 4.61 	 0.57 	 28.02 	 0.783797
	 4.62 	 0.52 	 28.04 	 0.702611
	 4.63 	 0.47 	 28.06 	 0.624783
	 4.64 	 0.43 	 28.08 	 0.550220
	 4.65 	 0.38 	 28.10 	 0.478824
	 4.66 	 0.34 	 28.12 	 0.410496
	 4.66 	 0.29 	 28.14 	 0.345131
	 4.67 	 0.24 	 28.16 	 0.282624
	 4.67 	 0.20 	 28.18 	 0.222865
	 4.67 	 0.15 	 28.20 	 0.165741
	 4.68 	 0.10 	 28.22 	 0.111140
	 4.68 	 0.06 	 28.24 	 0.058944
	 4.68 	 0.01 	 28.26 	 0.009036
	 4.68 	 -0.04 	 28.28 	 -0.038706
	 4.68 	 -0.08 	 28.30 	 -0.084403
	 4.67 	 -0.13 	 28.32 	 -0.128179
	 4.67 	 -0.18 	 28.34 	 -0.170159
	 4.66 	 -0.23 	 28.36 	 -0.210469
	 4.66 	 -0.27 	 28.38 	 -0.249236
	 4.65 	 -0.32 	 28.40 	 -0.286590
	 4.65 	 -0.36 	 28.42 	 -0.322658
	 4.64 	 -0.41 	 28.44 	 -0.357569
	 4.63 	 -0.46 	 28.46 	 -0.391454
	 4.62 	 -0.50 	 28.48 	 -0.424442
	 4.61 	 -0.55 	 28.50 	 -0.456661
	 4.60 	 -0.60 	 28.52 	 -0.488239
	 4.58 	 -0.64 	 28.54 	 -0.519303
	 4.57 	 -0.69 	 28.56 	 -0.549978
	 4.55 	 -0.73 	 28.58 	 -0.580385
	 4.54 	 -0.78 	 28.60 	 -0.610646
	 4.52 	 -0.82 	 28.62 	 -0.640875
	 4.50 	 -0.87 	 28.64 	 -0.671187
	 4.49 	 -0.91 	 28.66 	 -0.701688
	 4.47 	 -0.96 	 28.68 	 -0.732481
	 4.45 	 -1.00 	 28.70 	 -0.763663
	 4.43 	 -1.05 	 28.72 	 -0.795322
	 4.40 	 -1.09 	 28.74 	 -0.827540
	 4.38 	 -1.14 	 28.76 	 -0.860391
	 4.36 	 -1.18 	 28.78 	 -0.893938
	 4.33 	 -1.22 	 28.80 	 -0.928234
	 4.31 	 -1.27 	 28.82 	 -0.963322
	 4.28 	 -1.31 	 28.84 	 -0.999230
	 4.25 	 -1.35 	 28.86 	 -1.035975
	 4.23 	 -1.40 	 28.88 	 -1.073559
	 4.20 	 -1.44 	 28.90 	 -1.111969
	 4.17 	 -1.48 	 28.92 	 -1.151177
	 4.14 	 -1.52 	 28.94 	 -1.191136
	 4.11 	 -1.56 	 28.96 	 -1.231783
	 4.07 	 -1.60 	 28.98 	 -1.273035
	 4.04 	 -1.65 	 29.00 	 -1.314792
	 4.01 	 -1.69 	 29.02 	 -1.356932
	 3.97 	 -1.73 	 29.04 	 -1.399313
	 3.94 	 -1.77 	 29.06 	 -1.441774
	 3.90 	 -1.80 	 29.08 	 -1.484130
	 3.86 	 -1.84 	 29.10 	 -1.526176
	 3.83 	 -1.88 	 29.12 	 -1.567687
	 3.79 	 -1.92 	 29.14 	 -1.608415
	 3.75 	 -1.96 	 29.16 	 -1.648090
	 3.71 	 -2.00 	 29.18 	 -1.686424
	 3.67 	 -2.03 	 29.20 	 -1.723109
	 3.63 	 -2.07 	 29.22 	 -1.757817
	 3.59 	 -2.11 	 29.24 	 -1.790201
	 3.54 	 -2.14 	 29.26 	 -1.819900
	 3.50 	 -2.18 	 29.28 	 -1.846537
	 3.45 	 -2.21 	 29.30 	 -1.869722
	 3.41 	 -2.25 	 29.32 	 -1.889053
	 3.36 	 -2.28 	 29.34 	 -1.904119
	 3.32 	 -2.31 	 29.36 	 -1.914503
	 3.27 	 -2.35 	 29.38 	 -1.919785
	 3.22 	 -2.38 	 29.40 	 -1.919543
	 3.18 	 -2.41 	 29.42 	 -1.913356
	 3.13 	 -2.44 	 29.44 	 -1.900810
	 3.08 	 -2.48 	 29.46 	 -1.881500
	 3.03 	 -2.51 	 29.48 	 -1.855032
	 2.98 	 -2.54 	 29.50 	 -1.821028
	 2.92 	 -2.57 	 29.52 	 -1.779132
	 2.87 	 -2.60 	 29.54 	 -1.729010
	 2.82 	 -2.62 	 29.56 	 -1.670355
	 2.77 	 -2.65 	 29.58 	 -1.602894
	 2.71 	 -2.68 	 29.60 	 -1.526387
	 2.66 	 -2.71 	 29.62 	 -1.440634
	 2.60 	 -2.73 	 29.64 	 -1.345479
	 2.55 	 -2.76 	 29.66 	 -1.240812
	 2.49 	 -2.79 	 29.68 	 -1.126571
	 2.44 	 -2.81 	 29.70 	 -1.002749
	 2.38 	 -2.84 	 29.72 	 -0.869394
	 2.32 	 -2.86 	 29.74 	 -0.726612
	 2.27 	 -2.88 	 29.76 	 -0.574570
	 2.21 	 -2.90 	 29.78 	 -0.413496
	 2.15 	 -2.93 	 29.80 	 -0.243683
	 2.09 	 -2.95 	 29.82 	 -0.065486
	 2.03 	 -2.97 	 29.84 	 0.120674
	 1.97 	 -2.99 	 29.86 	 0.314311
	 1.91 	 -3.01 	 29.88 	 0.514877
	 1.85 	 -3.03 	 29.90 	 0.721760
	 1.79 	 -3.05 	 29.92 	 0.934291
	 1.73 	 -3.06 	 29.94 	 1.151737
	 1.67 	 -3.08 	 29.96 	 1.373316
	 1.60 	 -3.10 	 29.98 	 1.598191
	 1.54 	 -3.11 	 30.00 	 1.825479
	 1.48 	 -3.13 	 30.02 	 2.054253
	 1.42 	 -3.15 	 30.04 	 2.283551
	 1.35 	 -3.16 	 30.06 	 2.512376
	 1.29 	 -3.17 	 30.08 	 2.739708
	 1.23 	 -3.19 	 30.10 	 2.964507
	 1.16 	 -3.20 	 30.12 	 3.185719
	 1.10 	 -3.21 	 30.14 	 3.402286
	 1.03 	 -3.22 	 30.16 	 3.613151
	 0.97 	 -3.23 	 30.18 	 3.817268
	 0.90 	 -3.24 	 30.20 	 4.013605
	 0.84 	 -3.25 	 30.22 	 4.201156
	 0.77 	 -3.26 	 30.24 	 4.378948
	 0.71 	 -3.27 	 30.26 	 4.546044
	 0.64 	 -3.27 	 30.28 	 4.701557
	 0.58 	 -3.28 	 30.30 	 4.844651
	 0.51 	 -3.29 	 30.32 	 4.974551
	 0.45 	 -3.29 	 30.34 	 5.090546
	 0.38 	 -3.29 	 30.36 	 5.191998
	 0.31 	 -3.30 	 30.38 	 5.278347
	 0.25 	 -3.30 	 30.40 	 5.349112
	 0.18 	 -3.30 	 30.42 	 5.403898
	 0.12 	 -3.31 	 30.44 	 5.442399
	 0.05 	 -3.31 	 30.46 	 5.464399
	 -0.02 	 -3.31 	 30.48 	 5.469774
	 -0.08 	 -3.31 	 30.50 	 5.458496
	 -0.15 	 -3.31 	 30.52 	 5.430629
	 -0.21 	 -3.31 	 30.54 	 5.386331
	 -0.28 	 -3.30 	 30.56 	 5.325852
	 -0.35 	 -3.30 	 30.58 	 5.249533
	 -0.41 	 -3.30 	 30.60 	 5.157799
	 -0.48 	 -3.29 	 30.62 	 5.051163
	 -0.54 	 -3.29 	 30.64 	 4.930214
	 -0.61 	 -3.28 	 30.66 	 4.795619
	 -0.68 	 -3.28 	 30.68 	 4.648112
	 -0.74 	 -3.27 	 30.70 	 4.488492
	 -0.81 	 -3.26 	 30.72 	 4.317615
	 -0.87 	 -3.25 	 30.74 	 4.136388
	 -0.94 	 -3.25 	 30.76 	 3.945760
	 -1.00 	 -3.24 	 30.78 	 3.746720
	 -1.07 	 -3.23 	 30.80 	 3.540282
	 -1.13 	 -3.22 	 30.82 	 3.327484
	 -1.19 	 -3.20 	 30.84 	 3.109377
	 -1.26 	 -3.19 	 30.86 	 2.887020
	 -1.32 	 -3.18 	 30.88 	 2.661468
	 -1.38 	 -3.17 	 30.90 	 2.433771
	 -1.45 	 -3.15 	 30.92 	 2.204962
	 -1.51 	 -3.14 	 30.94 	 1.976053
	 -1.57 	 -3.12 	 30.96 	 1.748028
	 -1.63 	 -3.11 	 30.98 	 1.521835
	 -1.70 	 -3.09 	 31.00 	 1.298386
	 -1.76 	 -3.07 	 31.02 	 1.078546
	 -1.82 	 -3.06 	 31.04 	 0.863131
	 -1.88 	 -3.04 	 31.06 	 0.652906
	 -1.94 	 -3.02 	 31.08 	 0.448578
	 -2.00 	 -3.00 	 31.10 	 0.250796
	 -2.06 	 -2.98 	 31.12 	 0.060147
	 -2.12 	 -2.96 	 31.14 	 -0.122844
	 -2.18 	 -2.94 	 31.16 	 -0.297717
	 -2.24 	 -2.92 	 31.18 	 -0.464076
	 -2.29 	 -2.89 	 31.20 	 -0.621588
	 -2.35 	 -2.87 	 31.22 	 -0.769986
	 -2.41 	 -2.85 	 31.24 	 -0.909066
	 -2.46 	 -2.82 	 31.26 	 -1.038684
	 -2.52 	 -2.80 	 31.28 	 -1.158756
	 -2.58 	 -2.77 	 31.30 	 -1.269257
	 -2.63 	 -2.75 	 31.32 	 -1.370214
	 -2.69 	 -2.72 	 31.34 	 -1.461707
	 -2.74 	 -2.69 	 31.36 	 -1.543865
	 -2.79 	 -2.67 	 31.38 	 -1.616863
	 -2.85 	 -2.64 	 31.40 	 -1.680914
	 -2.90 	 -2.61 	 31.42 	 -1.736273
	 -2.95 	 -2.58 	 31.44 	 -1.783226
	 -3.00 	 -2.55 	 31.46 	 -1.822092
	 -3.05 	 -2.52 	 31.48 	 -1.853213
	 -3.10 	 -2.49 	 31.50 	 -1.876955
	 -3.15 	 -2.46 	 31.52 	 -1.893703
	 -3.20 	 -2.43 	 31.54 	 -1.903856
	 -3.25 	 -2.40 	 31.56 	 -1.907823
	 -3.29 	 -2.36 	 31.58 	 -1.906023
	 -3.34 	 -2.33 	 31.60 	 -1.898877
	 -3.39 	 -2.30 	 31.62 	 -1.886808
	 -3.43 	 -2.26 	 31.64 	 -1.870236
	 -3.48 	 -2.23 	 31.66 	 -1.849576
	 -3.52 	 -2.20 	 31.68 	 -1.825238
	 -3.56 	 -2.16 	 31.70 	 -1.797620
	 -3.61 	 -2.12 	 31.72 	 -1.767107
	 -3.65 	 -2.09 	 31.74 	 -1.734073
	 -3.69 	 -2.05 	 31.76 	 -1.698875
	 -3.73 	 -2.02 	 31.78 	 -1.661851
	 -3.77 	 -1.98 	 31.80 	 -1.623325
	 -3.81 	 -1.94 	 31.82 	 -1.583598
	 -3.85 	 -1.90 	 31.84 	 -1.542952
	 -3.88 	 -1.86 	 31.86 	 -1.501650
	 -3.92 	 -1.83 	 31.88 	 -1.459931
	 -3.96 	 -1.79 	 31.90 	 -1.418015
	 -3.99 	 -1.75 	 31.92 	 -1.376099
	 -4.02 	 -1.71 	 31.94 	 -1.334361
	 -4.06 	 -1.67 	 31.96 	 -1.292954
	 -4.09 	 -1.63 	 31.98 	 -1.252015
	 -4.12 	 -1.58 	 32.00 	 -1.211658
	 -4.15 	 -1.54 	 32.02 	 -1.171976
	 -4.18 	 -1.50 	 32.04 	 -1.133047
	 -4.21 	 -1.46 	 32.06 	 -1.094927
	 -4.24 	 -1.42 	 32.08 	 -1.057656
	 -4.27 	 -1.38 	 32.10 	 -1.021257
	 -4.29 	 -1.33 	 32.12 	 -0.985739
	 -4.32 	 -1.29 	 32.14 	 -0.951093
	 -4.35 	 -1.25 	 32.16 	 -0.917300
	 -4.37 	 -1.20 	 32.18 	 -0.884323
	 -4.39 	 -1.16 	 32.20 	 -0.852119
	 -4.41 	 -1.12 	 32.22 	 -0.820629
	 -4.44 	 -1.07 	 32.24 	 -0.789786
	 -4.46 	 -1.03 	 32.26 	 -0.759514
	 -4.48 	 -0.98 	 32.28 	 -0.729728
	 -4.50 	 -0.94 	 32.30 	 -0.700335
	 -4.51 	 -0.89 	 32.32 	 -0.671237
	 -4.53 	 -0.85 	 32.34 	 -0.642328
	 -4.55 	 -0.80 	 32.36 	 -0.613500
	 -4.56 	 -0.76 	 32.38 	 -0.584636
	 -4.58 	 -0.71 	 32.40 	 -0.555619
	 -4.59 	 -0.67 	 32.42 	 -0.526327
	 -4.60 	 -0.62 	 32.44 	 -0.496636
	 -4.61 	 -0.57 	 32.46 	 -0.466420
	 -4.62 	 -0.53 	 32.48 	 -0.435551
	 -4.63 	 -0.48 	 32.50 	 -0.403899
	 -4.64 	 -0.44 	 32.52 	 -0.371334
	 -4.65 	 -0.39 	 32.54 	 -0.337727
	 -4.66 	 -0.34 	 32.56 	 -0.302947
	 -4.66 	 -0.30 	 32.58 	 -0.266863
	 -4.67 	 -0.25 	 32.60 	 -0.229345
	 -4.67 	 -0.20 	 32.62 	 -0.190265
	 -4.67 	 -0.16 	 32.64 	 -0.149493
	 -4.68 	 -0.11 	 32.66 	 -0.106904
	 -4.68 	 -0.06 	 32.68 	 -0.062370
	 -4.68 	 -0.02 	 32.70 	 -0.015767
	 -4.68 	 0.03 	 32.72 	 0.033028
	 -4.68 	 0.08 	 32.74 	 0.084136
	 -4.67 	 0.12 	 32.76 	 0.137675
	 -4.67 	 0.17 	 32.78 	 0.193765
	 -4.67 	 0.22 	 32.80 	 0.252519
	 -4.66 	 0.27 	 32.82 	 0.314050
	 -4.65 	 0.31 	 32.84 	 0.378468
	 -4.65 	 0.36 	 32.86 	 0.445881
	 -4.64 	 0.40 	 32.88 	 0.516393
	 -4.63 	 0.45 	 32.90 	 0.590105
	 -4.62 	 0.50 	 32.92 	 0.667114
	 -4.61 	 0.54 	 32.94 	 0.747514
	 -4.60 	 0.59 	 32.96 	 0.831396
	 -4.58 	 0.64 	 32.98 	 0.918843
	 -4.57 	 0.68 	 33.00 	 1.009935
	 -4.56 	 0.73 	 33.02 	 1.104748
	 -4.54 	 0.77 	 33.04 	 1.203351
	 -4.52 	 0.82 	 33.06 	 1.305804
	 -4.51 	 0.86 	 33.08 	 1.412165
	 -4.49 	 0.91 	 33.10 	 1.522479
	 -4.47 	 0.95 	 33.12 	 1.636788
	 -4.45 	 1.00 	 33.14 	 1.755120
	 -4.43 	 1.04 	 33.16 	 1.877497
	 -4.41 	 1.09 	 33.18 	 2.003929
	 -4.38 	 1.13 	 33.20 	 2.134415
	 -4.36 	 1.17 	 33.22 	 2.268942
	 -4.34 	 1.22 	 33.24 	 2.407483
	 -4.31 	 1.26 	 33.26 	 2.549999
	 -4.29 	 1.30 	 33.28 	 2.696434
	 -4.26 	 1.35 	 33.30 	 2.846720
	 -4.23 	 1.39 	 33.32 	 3.000768
	 -4.20 	 1.43 	 33.34 	 3.158475
	 -4.17 	 1.47 	 33.36 	 3.319719
	 -4.14 	 1.52 	 33.38 	 3.484359
	 -4.11 	 1.56 	 33.40 	 3.652234
	 -4.08 	 1.60 	 33.42 	 3.823163
	 -4.05 	 1.64 	 33.44 	 3.996942
	 -4.01 	 1.68 	 33.46 	 4.173349
	 -3.98 	 1.72 	 33.48 	 4.352137
	 -3.94 	 1.76 	 33.50 	 4.533038
	 -3.91 	 1.80 	 33.52 	 4.715759
	 -3.87 	 1.84 	 33.54 	 4.899988
	 -3.83 	 1.88 	 33.56 	 5.085387
	 -3.79 	 1.92 	 33.58 	 5.271596
	 -3.76 	 1.95 	 33.60 	 5.458234
	 -3.72 	 1.99 	 33.62 	 5.644896
	 -3.67 	 2.03 	 33.64 	 5.831159
	 -3.63 	 2.06 	 33.66 	 6.016579
	 -3.59 	 2.10 	 33.68 	 6.200690
	 -3.55 	 2.14 	 33.70 	 6.383014
	 -3.51 	 2.17 	 33.72 	 6.563052
	 -3.46 	 2.21 	 33.74 	 6.740294
	 -3.42 	 2.24 	 33.76 	 6.914217
	 -3.37 	 2.28 	 33.78 	 7.084288
	 -3.32 	 2.31 	 33.80 	 7.249968
	 -3.28 	 2.34 	 33.82 	 7.410713
	 -3.23 	 2.38 	 33.84 	 7.565976
	 -3.18 	 2.41 	 33.86 	 7.715213
	 -3.13 	 2.44 	 33.88 	 7.857887
	 -3.08 	 2.47 	 33.90 	 7.993464
	 -3.03 	 2.50 	 33.92 	 8.121429
	 -2.98 	 2.53 	 33.94 	 8.241277
	 -2.93 	 2.56 	 33.96 	 8.352526
	 -2.88 	 2.59 	 33.98 	 8.454717
	 -2.83 	 2.62 	 34.00 	 8.547420
	 -2.77 	 2.65 	 34.02 	 8.630235
	 -2.72 	 2.68 	 34.04 	 8.702798
	 -2.67 	 2.70 	 34.06 	 8.764786
	 -2.61 	 2.73 	 34.08 	 8.815919
	 -2.56 	 2.76 	 34.10 	 8.855962
	 -2.50 	 2.78 	 34.12 	 8.884735
	 -2.45 	 2.81 	 34.14 	 8.902107
	 -2.39 	 2.83 	 34.16 	 8.908008
	 -2.33 	 2.86 	 34.18 	 8.902423
	 -2.27 	 2.88 	 34.20 	 8.885404
	 -2.22 	 2.90 	 34.22 	 8.857062
	 -2.16 	 2.92 	 34.24 	 8.817575
	 -2.10 	 2.95 	 34.26 	 8.767187
	 -2.04 	 2.97 	 34.28 	 8.706208
	 -1.98 	 2.99 	 34.30 	 8.635016
	 -1.92 	 3.01 	 34.32 	 8.554051
	 -1.86 	 3.03 	 34.34 	 8.463823
	 -1.80 	 3.04 	 34.36 	 8.364900
	 -1.74 	 3.06 	 34.38 	 8.257916
	 -1.68 	 3.08 	 34.40 	 8.143558
	 -1.61 	 3.10 	 34.42 	 8.022570
	 -1.55 	 3.11 	 34.44 	 7.895746
	 -1.49 	 3.13 	 34.46 	 7.763928
	 -1.43 	 3.14 	 34.48 	 7.627994
	 -1.36 	 3.16 	 34.50 	 7.488863
	 -1.30 	 3.17 	 34.52 	 7.347479
	 -1.24 	 3.18 	 34.54 	 7.204813
	 -1.17 	 3.20 	 34.56 	 7.061849
	 -1.11 	 3.21 	 34.58 	 6.919583
	 -1.04 	 3.22 	 34.60 	 6.779012
	 -0.98 	 3.23 	 34.62 	 6.641129
	 -0.91 	 3.24 	 34.64 	 6.506911
	 -0.85 	 3.25 	 34.66 	 6.377320
	 -0.78 	 3.26 	 34.68 	 6.253287
	 -0.72 	 3.26 	 34.70 	 6.135709
	 -0.65 	 3.27 	 34.72 	 6.025441
	 -0.59 	 3.28 	 34.74 	 5.923288
	 -0.52 	 3.28 	 34.76 	 5.830001
	 -0.46 	 3.29 	 34.78 	 5.746268
	 -0.39 	 3.29 	 34.80 	 5.672712
	 -0.32 	 3.30 	 34.82 	 5.609879
	 -0.26 	 3.30 	 34.84 	 5.558242
	 -0.19 	 3.30 	 34.86 	 5.518191
	 -0.13 	 3.31 	 34.88 	 5.490032
	 -0.06 	 3.31 	 34.90 	 5.473982
	 0.01 	 3.31 	 34.92 	 5.470172
	 0.07 	 3.31 	 34.94 	 5.478642
	 0.14 	 3.31 	 34.96 	 5.499340
	 0.21 	 3.31 	 34.98 	 5.532125
	 0.27 	 3.30 	 35.00 	 5.576769
	 0.34 	 3.30 	 35.02 	 5.632954
	 0.40 	 3.30 	 35.04 	 5.700280
	 0.47 	 3.29 	 35.06 	 5.778265
	 0.53 	 3.29 	 35.08 	 5.866350
	 0.60 	 3.28 	 35.10 	 5.963907
	 0.67 	 3.28 	 35.12 	 6.070236
	 0.73 	 3.27 	 35.14 	 6.184580
	 0.80 	 3.26 	 35.16 	 6.306126
	 0.86 	 3.26 	 35.18 	 6.434011
	 0.93 	 3.25 	 35.20 	 6.567333
	 0.99 	 3.24 	 35.22 	 6.705154
	 1.06 	 3.23 	 35.24 	 6.846511
	 1.12 	 3.22 	 35.26 	 6.990419
	 1.18 	 3.21 	 35.28 	 7.135884
	 1.25 	 3.19 	 35.30 	 7.281905
	 1.31 	 3.18 	 35.32 	 7.427487
	 1.38 	 3.17 	 35.34 	 7.571641
	 1.44 	 3.15 	 35.36 	 7.713400
	 1.50 	 3.14 	 35.38 	 7.851816
	 1.56 	 3.13 	 35.40 	 7.985975
	 1.63 	 3.11 	 35.42 	 8.114998
	 1.69 	 3.09 	 35.44 	 8.238045
	 1.75 	 3.08 	 35.46 	 8.354325
	 1.81 	 3.06 	 35.48 	 8.463099
	 1.87 	 3.04 	 35.50 	 8.563679
	 1.93 	 3.02 	 35.52 	 8.655439
	 1.99 	 3.00 	 35.54 	 8.737811
	 2.05 	 2.98 	 35.56 	 8.810294
	 2.11 	 2.96 	 35.58 	 8.872448
	 2.17 	 2.94 	 35.60 	 8.923902
	 2.23 	 2.92 	 35.62 	 8.964349
	 2.29 	 2.90 	 35.64 	 8.993551
	 2.34 	 2.87 	 35.66 	 9.011335
	 2.40 	 2.85 	 35.68 	 9.017593
	 2.46 	 2.83 	 35.70 	 9.012279
	 2.51 	 2.80 	 35.72 	 8.995412
	 2.57 	 2.78 	 35.74 	 8.967066
	 2.62 	 2.75 	 35.76 	 8.927376
	 2.68 	 2.73 	 35.78 	 8.876527
	 2.73 	 2.70 	 35.80 	 8.814757
	 2.79 	 2.67 	 35.82 	 8.742349
	 2.84 	 2.64 	 35.84 	 8.659630
	 2.89 	 2.61 	 35.86 	 8.566967
	 2.94 	 2.59 	 35.88 	 8.464761
	 2.99 	 2.56 	 35.90 	 8.353447
	 3.04 	 2.53 	 35.92 	 8.233484
	 3.09 	 2.50 	 35.94 	 8.105359
	 3.14 	 2.47 	 35.96 	 7.969575
	 3.19 	 2.43 	 35.98 	 7.826653
	 3.24 	 2.40 	 36.00 	 7.677123
	 3.29 	 2.37 	 36.02 	 7.521526
	 3.33 	 2.34 	 36.04 	 7.360408
	 3.38 	 2.30 	 36.06 	 7.194314
	 3.43 	 2.27 	 36.08 	 7.023790
	 3.47 	 2.24 	 36.10 	 6.849376
	 3.51 	 2.20 	 36.12 	 6.671604
	 3.56 	 2.17 	 36.14 	 6.490997
	 3.60 	 2.13 	 36.16 	 6.308067
	 3.64 	 2.09 	 36.18 	 6.123311
	 3.68 	 2.06 	 36.20 	 5.937209
	 3.72 	 2.02 	 36.22 	 5.750224
	 3.76 	 1.98 	 36.24 	 5.562802
	 3.80 	 1.95 	 36.26 	 5.375365
	 3.84 	 1.91 	 36.28 	 5.188319
	 3.88 	 1.87 	 36.30 	 5.002045
	 3.91 	 1.83 	 36.32 	 4.816902
	 3.95 	 1.79 	 36.34 	 4.633227
	 3.99 	 1.75 	 36.36 	 4.451334
	 4.02 	 1.71 	 36.38 	 4.271516
	 4.05 	 1.67 	 36.40 	 4.094040
	 4.09 	 1.63 	 36.42 	 3.919153
	 4.12 	 1.59 	 36.44 	 3.747080
	 4.15 	 1.55 	 36.46 	 3.578023
	 4.18 	 1.51 	 36.48 	 3.412163
	 4.21 	 1.47 	 36.50 	 3.249664
	 4.24 	 1.42 	 36.52 	 3.090665
	 4.26 	 1.38 	 36.54 	 2.935291
	 4.29 	 1.34 	 36.56 	 2.783645
	 4.32 	 1.30 	 36.58 	 2.635816
	 4.34 	 1.25 	 36.60 	 2.491875
	 4.37 	 1.21 	 36.62 	 2.351877
	 4.39 	 1.17 	 36.64 	 2.215863
	 4.41 	 1.12 	 36.66 	 2.083862
	 4.43 	 1.08 	 36.68 	 1.955887
	 4.45 	 1.03 	 36.70 	 1.831941
	 4.47 	 0.99 	 36.72 	 1.712014
	 4.49 	 0.94 	 36.74 	 1.596089
	 4.51 	 0.90 	 36.76 	 1.484135
	 4.53 	 0.85 	 36.78 	 1.376115
	 4.54 	 0.81 	 36.80 	 1.271983
	 4.56 	 0.76 	 36.82 	 1.171685
	 4.57 	 0.72 	 36.84 	 1.075161
	 4.59 	 0.67 	 36.86 	 0.982343
	 4.60 	 0.63 	 36.88 	 0.893158
	 4.61 	 0.58 	 36.90 	 0.807529
	 4.62 	 0.53 	 36.92 	 0.725370
	 4.63 	 0.49 	 36.94 	 0.646596
	 4.64 	 0.44 	 36.96 	 0.571113
	 4.65 	 0.40 	 36.98 	 0.498826
	 4.66 	 0.35 	 37.00 	 0.429635
	 4.66 	 0.30 	 37.02 	 0.363438
	 4.67 	 0.26 	 37.04 	 0.300129
	 4.67 	 0.21 	 37.06 	 0.239598
	 4.67 	 0.16 	 37.08 	 0.181737
	 4.68 	 0.12 	 37.10 	 0.126429
	 4.68 	 0.07 	 37.12 	 0.073561
	 4.68 	 0.02 	 37.14 	 0.023013
	 4.68 	 -0.02 	 37.16 	 -0.025333
	 4.68 	 -0.07 	 37.18 	 -0.071599
	 4.67 	 -0.12 	 37.20 	 -0.115909
	 4.67 	 -0.17 	 37.22 	 -0.158388
	 4.67 	 -0.21 	 37.24 	 -0.199160
	 4.66 	 -0.26 	 37.26 	 -0.238353
	 4.65 	 -0.31 	 37.28 	 -0.276096
	 4.65 	 -0.35 	 37.30 	 -0.312516
	 4.64 	 -0.40 	 37.32 	 -0.347744
	 4.63 	 -0.44 	 37.34 	 -0.381908
	 4.62 	 -0.49 	 37.36 	 -0.415138
	 4.61 	 -0.54 	 37.38 	 -0.447563
	 4.60 	 -0.58 	 37.40 	 -0.479310
	 4.59 	 -0.63 	 37.42 	 -0.510508
	 4.57 	 -0.67 	 37.44 	 -0.541280
	 4.56 	 -0.72 	 37.46 	 -0.571752
	 4.54 	 -0.77 	 37.48 	 -0.602042
	 4.53 	 -0.81 	 37.50 	 -0.632269
	 4.51 	 -0.86 	 37.52 	 -0.662546
	 4.49 	 -0.90 	 37.54 	 -0.692982
	 4.47 	 -0.95 	 37.56 	 -0.723682
	 4.45 	 -0.99 	 37.58 	 -0.754744
	 4.43 	 -1.04 	 37.60 	 -0.786258
	 4.41 	 -1.08 	 37.62 	 -0.818310
	 4.39 	 -1.12 	 37.64 	 -0.850974
	 4.36 	 -1.17 	 37.66 	 -0.884317
	 4.34 	 -1.21 	 37.68 	 -0.918395
	 4.31 	 -1.26 	 37.70 	 -0.953254
	 4.29 	 -1.30 	 37.72 	 -0.988926
	 4.26 	 -1.34 	 37.74 	 -1.025432
	 4.23 	 -1.38 	 37.76 	 -1.062778
	 4.21 	 -1.43 	 37.78 	 -1.100955
	 4.18 	 -1.47 	 37.80 	 -1.139940
	 4.15 	 -1.51 	 37.82 	 -1.179691
	 4.12 	 -1.55 	 37.84 	 -1.220149
	 4.08 	 -1.59 	 37.86 	 -1.261239
	 4.05 	 -1.63 	 37.88 	 -1.302864
	 4.02 	 -1.67 	 37.90 	 -1.344908
	 3.98 	 -1.71 	 37.92 	 -1.387236
	 3.95 	 -1.75 	 37.94 	 -1.429692
	 3.91 	 -1.79 	 37.96 	 -1.472098
	 3.88 	 -1.83 	 37.98 	 -1.514255
	 3.84 	 -1.87 	 38.00 	 -1.555942
	 3.80 	 -1.91 	 38.02 	 -1.596919
	 3.76 	 -1.95 	 38.04 	 -1.636922
	 3.72 	 -1.99 	 38.06 	 -1.675669
	 3.68 	 -2.02 	 38.08 	 -1.712856
	 3.64 	 -2.06 	 38.10 	 -1.748160
	 3.60 	 -2.10 	 38.12 	 -1.781242
	 3.55 	 -2.13 	 38.14 	 -1.811743
	 3.51 	 -2.17 	 38.16 	 -1.839291
	 3.47 	 -2.20 	 38.18 	 -1.863499
	 3.42 	 -2.24 	 38.20 	 -1.883968
	 3.38 	 -2.27 	 38.22 	 -1.900290
	 3.33 	 -2.31 	 38.24 	 -1.912049
	 3.28 	 -2.34 	 38.26 	 -1.918826
	 3.24 	 -2.37 	 38.28 	 -1.920199
	 3.19 	 -2.40 	 38.30 	 -1.915746
	 3.14 	 -2.44 	 38.32 	 -1.905052
	 3.09 	 -2.47 	 38.34 	 -1.887707
	 3.04 	 -2.50 	 38.36 	 -1.863316
	 2.99 	 -2.53 	 38.38 	 -1.831494
	 2.94 	 -2.56 	 38.40 	 -1.791879
	 2.89 	 -2.59 	 38.42 	 -1.744130
	 2.84 	 -2.62 	 38.44 	 -1.687933
	 2.78 	 -2.65 	 38.46 	 -1.623004
	 2.73 	 -2.67 	 38.48 	 -1.549093
	 2.67 	 -2.70 	 38.50 	 -1.465990
	 2.62 	 -2.73 	 38.52 	 -1.373524
	 2.57 	 -2.75 	 38.54 	 -1.271572
	 2.51 	 -2.78 	 38.56 	 -1.160059
	 2.45 	 -2.80 	 38.58 	 -1.038961
	 2.40 	 -2.83 	 38.60 	 -0.908311
	 2.34 	 -2.85 	 38.62 	 -0.768198
	 2.28 	 -2.88 	 38.64 	 -0.618770
	 2.22 	 -2.90 	 38.66 	 -0.460240
	 2.17 	 -2.92 	 38.68 	 -0.292880
	 2.11 	 -2.94 	 38.70 	 -0.117029
	 2.05 	 -2.96 	 38.72 	 0.066911
	 1.99 	 -2.98 	 38.74 	 0.258473
	 1.93 	 -3.00 	 38.76 	 0.457126
	 1.87 	 -3.02 	 38.78 	 0.662278
	 1.81 	 -3.04 	 38.80 	 0.873273
	 1.75 	 -3.06 	 38.82 	 1.089398
	 1.68 	 -3.08 	 38.84 	 1.309884
	 1.62 	 -3.09 	 38.86 	 1.533909
	 1.56 	 -3.11 	 38.88 	 1.760602
	 1.50 	 -3.13 	 38.90 	 1.989050
	 1.43 	 -3.14 	 38.92 	 2.218299
	 1.37 	 -3.16 	 38.94 	 2.447361
	 1.31 	 -3.17 	 38.96 	 2.675224
	 1.24 	 -3.18 	 38.98 	 2.900850
	 1.18 	 -3.19 	 39.00 	 3.123191
	 1.12 	 -3.21 	 39.02 	 3.341187
	 1.05 	 -3.22 	 39.04 	 3.553783
	 0.99 	 -3.23 	 39.06 	 3.759925
	 0.92 	 -3.24 	 39.08 	 3.958580
	 0.86 	 -3.25 	 39.10 	 4.148732
	 0.79 	 -3.26 	 39.12 	 4.329398
	 0.73 	 -3.26 	 39.14 	 4.499631
	 0.66 	 -3.27 	 39.16 	 4.658529
	 0.60 	 -3.28 	 39.18 	 4.805239
	 0.53 	 -3.28 	 39.20 	 4.938968
	 0.47 	 -3.29 	 39.22 	 5.058989
	 0.40 	 -3.29 	 39.24 	 5.164640
	 0.33 	 -3.30 	 39.26 	 5.255340
	 0.27 	 -3.30 	 39.28 	 5.330584
	 0.20 	 -3.30 	 39.30 	 5.389953
	 0.14 	 -3.31 	 39.32 	 5.433114
	 0.07 	 -3.31 	 39.34 	 5.459826
	 0.00 	 -3.31 	 39.36 	 5.469940
	 -0.06 	 -3.31 	 39.38 	 5.463399
	 -0.13 	 -3.31 	 39.40 	 5.440241
	 -0.20 	 -3.31 	 39.42 	 5.400598
	 -0.26 	 -3.30 	 39.44 	 5.344693
	 -0.33 	 -3.30 	 39.46 	 5.272842
	 -0.39 	 -3.30 	 39.48 	 5.185446
	 -0.46 	 -3.29 	 39.50 	 5.082995
	 -0.53 	 -3.29 	 39.52 	 4.966055
	 -0.59 	 -3.28 	 39.54 	 4.835271
	 -0.66 	 -3.28 	 39.56 	 4.691360
	 -0.72 	 -3.27 	 39.58 	 4.535103
	 -0.79 	 -3.26 	 39.60 	 4.367339
	 -0.85 	 -3.26 	 39.62 	 4.188962
	 -0.92 	 -3.25 	 39.64 	 4.000911
	 -0.98 	 -3.24 	 39.66 	 3.804163
	 -1.05 	 -3.23 	 39.68 	 3.599725
	 -1.11 	 -3.22 	 39.70 	 3.388631
	 -1.18 	 -3.21 	 39.72 	 3.171927
	 -1.24 	 -3.20 	 39.74 	 2.950672
	 -1.30 	 -3.18 	 39.76 	 2.725922
	 -1.37 	 -3.17 	 39.78 	 2.498729
	 -1.43 	 -3.16 	 39.80 	 2.270133
	 -1.49 	 -3.14 	 39.82 	 2.041151
	 -1.55 	 -3.13 	 39.84 	 1.812776
	 -1.62 	 -3.11 	 39.86 	 1.585967
	 -1.68 	 -3.10 	 39.88 	 1.361647
	 -1.74 	 -3.08 	 39.90 	 1.140695
	 -1.80 	 -3.06 	 39.92 	 0.923940
	 -1.86 	 -3.04 	 39.94 	 0.712164
	 -1.92 	 -3.02 	 39.96 	 0.506089
	 -1.98 	 -3.01 	 39.98 	 0.306381
	 -2.04 	 -2.99 	 40.00 	 0.113646
	 -2.10 	 -2.97 	 40.02 	 -0.071574
	 -2.16 	 -2.94 	 40.04 	 -0.248801
	 -2.22 	 -2.92 	 40.06 	 -0.417619
	 -2.28 	 -2.90 	 40.08 	 -0.577678
	 -2.34 	 -2.88 	 40.10 	 -0.728694
	 -2.39 	 -2.85 	 40.12 	 -0.870443
	 -2.45 	 -2.83 	 40.14 	 -1.002765
	 -2.50 	 -2.81 	 40.16 	 -1.125559
	 -2.56 	 -2.78 	 40.18 	 -1.238783
	 -2.62 	 -2.76 	 40.20 	 -1.342450
	 -2.67 	 -2.73 	 40.22 	 -1.436626
	 -2.72 	 -2.70 	 40.24 	 -1.521425
	 -2.78 	 -2.68 	 40.26 	 -1.597009
	 -2.83 	 -2.65 	 40.28 	 -1.663582
	 -2.88 	 -2.62 	 40.30 	 -1.721387
	 -2.93 	 -2.59 	 40.32 	 -1.770702
	 -2.99 	 -2.56 	 40.34 	 -1.811835
	 -3.04 	 -2.53 	 40.36 	 -1.845124
	 -3.09 	 -2.50 	 40.38 	 -1.870927
	 -3.14 	 -2.47 	 40.40 	 -1.889626
	 -3.18 	 -2.44 	 40.42 	 -1.901614
	 -3.23 	 -2.41 	 40.44 	 -1.907300
	 -3.28 	 -2.37 	 40.46 	 -1.907098
	 -3.33 	 -2.34 	 40.48 	 -1.901430
	 -3.37 	 -2.31 	 40.50 	 -1.890719
	 -3.42 	 -2.27 	 40.52 	 -1.875386
	 -3.46 	 -2.24 	 40.54 	 -1.855848
	 -3.51 	 -2.21 	 40.56 	 -1.832516
	 -3.55 	 -2.17 	 40.58 	 -1.805791
	 -3.59 	 -2.13 	 40.60 	 -1.776064
	 -3.64 	 -2.10 	 40.62 	 -1.743710
	 -3.68 	 -2.06 	 40.64 	 -1.709092
	 -3.72 	 -2.03 	 40.66 	 -1.672555
	 -3.76 	 -1.99 	 40.68 	 -1.634424
	 -3.80 	 -1.95 	 40.70 	 -1.595009
	 -3.83 	 -1.91 	 40.72 	 -1.554597
	 -3.87 	 -1.87 	 40.74 	 -1.513456
	 -3.91 	 -1.84 	 40.76 	 -1.471833
	 -3.95 	 -1.80 	 40.78 	 -1.429952
	 -3.98 	 -1.76 	 40.80 	 -1.388017
	 -4.01 	 -1.72 	 40.82 	 -1.346211
	 -4.05 	 -1.68 	 40.84 	 -1.304696
	 -4.08 	 -1.64 	 40.86 	 -1.263612
	 -4.11 	 -1.60 	 40.88 	 -1.223078
	 -4.14 	 -1.56 	 40.90 	 -1.183196
	 -4.17 	 -1.51 	 40.92 	 -1.144046
	 -4.20 	 -1.47 	 40.94 	 -1.105690
	 -4.23 	 -1.43 	 40.96 	 -1.068174
	 -4.26 	 -1.39 	 40.98 	 -1.031526
	 -4.29 	 -1.35 	 41.00 	 -0.995758
	 -4.31 	 -1.30 	 41.02 	 -0.960865
	 -4.34 	 -1.26 	 41.04 	 -0.926832
	 -4.36 	 -1.22 	 41.06 	 -0.893627
	 -4.39 	 -1.17 	 41.08 	 -0.861209
	 -4.41 	 -1.13 	 41.10 	 -0.829522
	 -4.43 	 -1.08 	 41.12 	 -0.798502
	 -4.45 	 -1.04 	 41.14 	 -0.768076
	 -4.47 	 -1.00 	 41.16 	 -0.738160
	 -4.49 	 -0.95 	 41.18 	 -0.708665
	 -4.51 	 -0.91 	 41.20 	 -0.679494
	 -4.53 	 -0.86 	 41.22 	 -0.650543
	 -4.54 	 -0.82 	 41.24 	 -0.621703
	 -4.56 	 -0.77 	 41.26 	 -0.592861
	 -4.57 	 -0.72 	 41.28 	 -0.563899
	 -4.58 	 -0.68 	 41.30 	 -0.534698
	 -4.60 	 -0.63 	 41.32 	 -0.505134
	 -4.61 	 -0.59 	 41.34 	 -0.475080
	 -4.62 	 -0.54 	 41.36 	 -0.444410
	 -4.63 	 -0.49 	 41.38 	 -0.412994
	 -4.64 	 -0.45 	 41.40 	 -0.380702
	 -4.65 	 -0.40 	 41.42 	 -0.347405
	 -4.65 	 -0.36 	 41.44 	 -0.312972
	 -4.66 	 -0.31 	 41.46 	 -0.277272
	 -4.67 	 -0.26 	 41.48 	 -0.240176
	 -4.67 	 -0.22 	 41.50 	 -0.201553
	 -4.67 	 -0.17 	 41.52 	 -0.161276
	 -4.68 	 -0.12 	 41.54 	 -0.119217
	 -4.68 	 -0.08 	 41.56 	 -0.075249
	 -4.68 	 -0.03 	 41.58 	 -0.029247
	 -4.68 	 0.02 	 41.60 	 0.018911
	 -4.68 	 0.06 	 41.62 	 0.069348
	 -4.67 	 0.11 	 41.64 	 0.122184
	 -4.67 	 0.16 	 41.66 	 0.177536
	 -4.67 	 0.21 	 41.68 	 0.235520
	 -4.66 	 0.25 	 41.70 	 0.296249
	 -4.66 	 0.30 	 41.72 	 0.359835
	 -4.65 	 0.34 	 41.74 	 0.426385
	 -4.64 	 0.39 	 41.76 	 0.496004
	 -4.63 	 0.44 	 41.78 	 0.568795
	 -4.62 	 0.48 	 41.80 	 0.644856
	 -4.61 	 0.53 	 41.82 	 0.724283
	 -4.60 	 0.58 	 41.84 	 0.807164
	 -4.59 	 0.62 	 41.86 	 0.893588
	 -4.57 	 0.67 	 41.88 	 0.983635
	 -4.56 	 0.71 	 41.90 	 1.077383
	 -4.54 	 0.76 	 41.92 	 1.174900
	 -4.53 	 0.81 	 41.94 	 1.276251
	 -4.51 	 0.85 	 41.96 	 1.381495
	 -4.49 	 0.90 	 41.98 	 1.490680
	 -4.48 	 0.94 	 42.00 	 1.603848
	 -4.46 	 0.99 	 42.02 	 1.721033
	 -4.43 	 1.03 	 42.04 	 1.842257
	 -4.41 	 1.07 	 42.06 	 1.967535
	 -4.39 	 1.12 	 42.08 	 2.096868
	 -4.37 	 1.16 	 42.10 	 2.230247
	 -4.34 	 1.21 	 42.12 	 2.367649
	 -4.32 	 1.25 	 42.14 	 2.509038
	 -4.29 	 1.29 	 42.16 	 2.654365
	 -4.27 	 1.34 	 42.18 	 2.803562
	 -4.24 	 1.38 	 42.20 	 2.956550
	 -4.21 	 1.42 	 42.22 	 3.113227
	 -4.18 	 1.46 	 42.24 	 3.273479
	 -4.15 	 1.50 	 42.26 	 3.437168
	 -4.12 	 1.55 	 42.28 	 3.604139
	 -4.09 	 1.59 	 42.30 	 3.774218
	 -4.06 	 1.63 	 42.32 	 3.947209
	 -4.02 	 1.67 	 42.34 	 4.122892
	 -3.99 	 1.71 	 42.36 	 4.301029
	 -3.95 	 1.75 	 42.38 	 4.481357
	 -3.92 	 1.79 	 42.40 	 4.663591
	 -3.88 	 1.83 	 42.42 	 4.847424
	 -3.84 	 1.87 	 42.44 	 5.032525
	 -3.81 	 1.90 	 42.46 	 5.218542
	 -3.77 	 1.94 	 42.48 	 5.405098
	 -3.73 	 1.98 	 42.50 	 5.591795
	 -3.69 	 2.02 	 42.52 	 5.778217
	 -3.65 	 2.05 	 42.54 	 5.963922
	 -3.60 	 2.09 	 42.56 	 6.148454
	 -3.56 	 2.13 	 42.58 	 6.331337
	 -3.52 	 2.16 	 42.60 	 6.512077
	 -3.47 	 2.20 	 42.62 	 6.690167
	 -3.43 	 2.23 	 42.64 	 6.865088
	 -3.38 	 2.27 	 42.66 	 7.036311
	 -3.34 	 2.30 	 42.68 	 7.203296
	 -3.29 	 2.33 	 42.70 	 7.365500
	 -3.24 	 2.37 	 42.72 	 7.522379
	 -3.20 	 2.40 	 42.74 	 7.673387
	 -3.15 	 2.43 	 42.76 	 7.817982
	 -3.10 	 2.46 	 42.78 	 7.955633
	 -3.05 	 2.49 	 42.80 	 8.085816
	 -3.00 	 2.52 	 42.82 	 8.208024
	 -2.95 	 2.55 	 42.84 	 8.321768
	 -2.89 	 2.58 	 42.86 	 8.426582
	 -2.84 	 2.61 	 42.88 	 8.522028
	 -2.79 	 2.64 	 42.90 	 8.607695
	 -2.74 	 2.67 	 42.92 	 8.683211
	 -2.68 	 2.70 	 42.94 	 8.748239
	 -2.63 	 2.72 	 42.96 	 8.802486
	 -2.57 	 2.75 	 42.98 	 8.845707
	 -2.52 	 2.78 	 43.00 	 8.877702
	 -2.46 	 2.80 	 43.02 	 8.898329
	 -2.41 	 2.82 	 43.04 	 8.907498
	 -2.35 	 2.85 	 43.06 	 8.905180
	 -2.29 	 2.87 	 43.08 	 8.891406
	 -2.23 	 2.90 	 43.10 	 8.866271
	 -2.17 	 2.92 	 43.12 	 8.829934
	 -2.12 	 2.94 	 43.14 	 8.782620
	 -2.06 	 2.96 	 43.16 	 8.724620
	 -2.00 	 2.98 	 43.18 	 8.656292
	 -1.94 	 3.00 	 43.20 	 8.578059
	 -1.88 	 3.02 	 43.22 	 8.490412
	 -1.82 	 3.04 	 43.24 	 8.393902
	 -1.75 	 3.06 	 43.26 	 8.289144
	 -1.69 	 3.07 	 43.28 	 8.176811
	 -1.63 	 3.09 	 43.30 	 8.057632
	 -1.57 	 3.11 	 43.32 	 7.932385
	 -1.51 	 3.12 	 43.34 	 7.801900
	 -1.44 	 3.14 	 43.36 	 7.667046
	 -1.38 	 3.15 	 43.38 	 7.528729
	 -1.32 	 3.17 	 43.40 	 7.387889
	 -1.25 	 3.18 	 43.42 	 7.245488
	 -1.19 	 3.19 	 43.44 	 7.102508
	 -1.13 	 3.20 	 43.46 	 6.959942
	 -1.06 	 3.22 	 43.48 	 6.818787
	 -1.00 	 3.23 	 43.50 	 6.680038
	 -0.93 	 3.24 	 43.52 	 6.544679
	 -0.87 	 3.25 	 43.54 	 6.413675
	 -0.80 	 3.25 	 43.56 	 6.287967
	 -0.74 	 3.26 	 43.58 	 6.168463
	 -0.67 	 3.27 	 43.60 	 6.056030
	 -0.61 	 3.28 	 43.62 	 5.951489
	 -0.54 	 3.28 	 43.64 	 5.855606
	 -0.47 	 3.29 	 43.66 	 5.769088
	 -0.41 	 3.29 	 43.68 	 5.692576
	 -0.34 	 3.30 	 43.70 	 5.626640
	 -0.28 	 3.30 	 43.72 	 5.571774
	 -0.21 	 3.30 	 43.74 	 5.528391
	 -0.14 	 3.31 	 43.76 	 5.496821
	 -0.08 	 3.31 	 43.78 	 5.477308
	 -0.01 	 3.31 	 43.80 	 5.470007
	 0.05 	 3.31 	 43.82 	 5.474983
	 0.12 	 3.31 	 43.84 	 5.492211
	 0.19 	 3.31 	 43.86 	 5.521576
	 0.25 	 3.30 	 43.88 	 5.562873
	 0.32 	 3.30 	 43.90 	 5.615811
	 0.38 	 3.30 	 43.92 	 5.680012
	 0.45 	 3.29 	 43.94 	 5.755017
	 0.52 	 3.29 	 43.96 	 5.840289
	 0.58 	 3.28 	 43.98 	 5.935218
	 0.65 	 3.28 	 44.00 	 6.039126
	 0.71 	 3.27 	 44.02 	 6.151270
	 0.78 	 3.27 	 44.04 	 6.270851
	 0.84 	 3.26 	 44.06 	 6.397023
	 0.91 	 3.25 	 44.08 	 6.528891
	 0.97 	 3.24 	 44.10 	 6.665529
	 1.04 	 3.23 	 44.12 	 6.805979
	 1.10 	 3.22 	 44.14 	 6.949262
	 1.17 	 3.21 	 44.16 	 7.094386
	 1.23 	 3.20 	 44.18 	 7.240350
	 1.29 	 3.19 	 44.20 	 7.386158
	 1.36 	 3.17 	 44.22 	 7.530818
	 1.42 	 3.16 	 44.24 	 7.673356
	 1.48 	 3.14 	 44.26 	 7.812818
	 1.55 	 3.13 	 44.28 	 7.948280
	 1.61 	 3.11 	 44.30 	 8.078852
	 1.67 	 3.10 	 44.32 	 8.203682
	 1.73 	 3.08 	 44.34 	 8.321966
	 1.79 	 3.06 	 44.36 	 8.432948
	 1.85 	 3.05 	 44.38 	 8.535926
	 1.91 	 3.03 	 44.40 	 8.630257
	 1.97 	 3.01 	 44.42 	 8.715355
	 2.03 	 2.99 	 44.44 	 8.790699
	 2.09 	 2.97 	 44.46 	 8.855834
	 2.15 	 2.95 	 44.48 	 8.910367
	 2.21 	 2.93 	 44.50 	 8.953974
	 2.27 	 2.90 	 44.52 	 8.986397
	 2.33 	 2.88 	 44.54 	 9.007444
	 2.38 	 2.86 	 44.56 	 9.016989
	 2.44 	 2.83 	 44.58 	 9.014969
	 2.50 	 2.81 	 44.60 	 9.001385
	 2.55 	 2.78 	 44.62 	 8.976295
	 2.61 	 2.76 	 44.64 	 8.939817
	 2.66 	 2.73 	 44.66 	 8.892121
	 2.72 	 2.71 	 44.68 	 8.833432
	 2.77 	 2.68 	 44.70 	 8.764020
	 2.82 	 2.65 	 44.72 	 8.684200
	 2.88 	 2.62 	 44.74 	 8.594327
	 2.93 	 2.59 	 44.76 	 8.494794
	 2.98 	 2.57 	 44.78 	 8.386027
	 3.03 	 2.54 	 44.80 	 8.268477
	 3.08 	 2.50 	 44.82 	 8.142625
	 3.13 	 2.47 	 44.84 	 8.008968
	 3.18 	 2.44 	 44.86 	 7.868023
	 3.23 	 2.41 	 44.88 	 7.720319
	 3.27 	 2.38 	 44.90 	 7.566394
	 3.32 	 2.35 	 44.92 	 7.406791
	 3.37 	 2.31 	 44.94 	 7.242058
	 3.41 	 2.28 	 44.96 	 7.072739
	 3.46 	 2.25 	 44.98 	 6.899377
	 3.50 	 2.21 	 45.00 	 6.722507
	 3.55 	 2.18 	 45.02 	 6.542655
	 3.59 	 2.14 	 45.04 	 6.360335
	 3.63 	 2.10 	 45.06 	 6.176049
	 3.67 	 2.07 	 45.08 	 5.990281
	 3.71 	 2.03 	 45.10 	 5.803502
	 3.75 	 1.99 	 45.12 	 5.616160
	 3.79 	 1.96 	 45.14 	 5.428686
	 3.83 	 1.92 	 45.16 	 5.241489
	 3.87 	 1.88 	 45.18 	 5.054957
	 3.90 	 1.84 	 45.20 	 4.869457
	 3.94 	 1.80 	 45.22 	 4.685331
	 3.98 	 1.76 	 45.24 	 4.502901
	 4.01 	 1.72 	 45.26 	 4.322463
	 4.04 	 1.68 	 45.28 	 4.144295
	 4.08 	 1.64 	 45.30 	 3.968647
	 4.11 	 1.60 	 45.32 	 3.795752
	 4.14 	 1.56 	 45.34 	 3.625817
	 4.17 	 1.52 	 45.36 	 3.459030
	 4.20 	 1.48 	 45.38 	 3.295559
	 4.23 	 1.44 	 45.40 	 3.135551
	 4.26 	 1.39 	 45.42 	 2.979133
	 4.28 	 1.35 	 45.44 	 2.826417
	 4.31 	 1.31 	 45.46 	 2.677494
	 4.33 	 1.27 	 45.48 	 2.532440
	 4.36 	 1.22 	 45.50 	 2.391315
	 4.38 	 1.18 	 45.52 	 2.254164
	 4.41 	 1.13 	 45.54 	 2.121019
	 4.43 	 1.09 	 45.56 	 1.991897
	 4.45 	 1.05 	 45.58 	 1.866805
	 4.47 	 1.00 	 45.60 	 1.745736
	 4.49 	 0.96 	 45.62 	 1.628675
	 4.51 	 0.91 	 45.64 	 1.515594
	 4.52 	 0.87 	 45.66 	 1.406459
	 4.54 	 0.82 	 45.68 	 1.301226
	 4.55 	 0.78 	 45.70 	 1.199842
	 4.57 	 0.73 	 45.72 	 1.102251
	 4.58 	 0.69 	 45.74 	 1.008385
	 4.60 	 0.64 	 45.76 	 0.918174
	 4.61 	 0.59 	 45.78 	 0.831541
	 4.62 	 0.55 	 45.80 	 0.748404
	 4.63 	 0.50 	 45.82 	 0.668675
	 4.64 	 0.45 	 45.84 	 0.592265
	 4.65 	 0.41 	 45.86 	 0.519079
	 4.65 	 0.36 	 45.88 	 0.449017
	 4.66 	 0.32 	 45.90 	 0.381979
	 4.66 	 0.27 	 45.92 	 0.317858
	 4.67 	 0.22 	 45.94 	 0.256548
	 4.67 	 0.18 	 45.96 	 0.197938
	 4.68 	 0.13 	 45.98 	 0.141916
	 4.68 	 0.08 	 46.00 	 0.088365
	 4.68 	 0.04 	 46.02 	 0.037169
	 4.68 	 -0.01 	 46.04 	 -0.011791
	 4.68 	 -0.06 	 46.06 	 -0.058637
	 4.67 	 -0.10 	 46.08 	 -0.103491
	 4.67 	 -0.15 	 46.10 	 -0.146478
	 4.67 	 -0.20 	 46.12 	 -0.187723
	 4.66 	 -0.25 	 46.14 	 -0.227352
	 4.66 	 -0.29 	 46.16 	 -0.265495
	 4.65 	 -0.34 	 46.18 	 -0.302278
	 4.64 	 -0.38 	 46.20 	 -0.337832
	 4.63 	 -0.43 	 46.22 	 -0.372286
	 4.62 	 -0.48 	 46.24 	 -0.405769
	 4.61 	 -0.52 	 46.26 	 -0.438409
	 4.60 	 -0.57 	 46.28 	 -0.470337
	 4.59 	 -0.62 	 46.30 	 -0.501678
	 4.58 	 -0.66 	 46.32 	 -0.532559
	 4.56 	 -0.71 	 46.34 	 -0.563103
	 4.55 	 -0.75 	 46.36 	 -0.593433
	 4.53 	 -0.80 	 46.38 	 -0.623666
	 4.51 	 -0.84 	 46.40 	 -0.653918
	 4.50 	 -0.89 	 46.42 	 -0.684298
	 4.48 	 -0.93 	 46.44 	 -0.714913
	 4.46 	 -0.98 	 46.46 	 -0.745862
	 4.44 	 -1.02 	 46.48 	 -0.777238
	 4.42 	 -1.07 	 46.50 	 -0.809129
	 4.39 	 -1.11 	 46.52 	 -0.841611
	 4.37 	 -1.16 	 46.54 	 -0.874755
	 4.35 	 -1.20 	 46.56 	 -0.908619
	 4.32 	 -1.24 	 46.58 	 -0.943252
	 4.30 	 -1.29 	 46.60 	 -0.978690
	 4.27 	 -1.33 	 46.62 	 -1.014957
	 4.24 	 -1.37 	 46.64 	 -1.052064
	 4.21 	 -1.41 	 46.66 	 -1.090007
	 4.19 	 -1.46 	 46.68 	 -1.128765
	 4.16 	 -1.50 	 46.70 	 -1.168303
	 4.12 	 -1.54 	 46.72 	 -1.208567
	 4.09 	 -1.58 	 46.74 	 -1.249486
	 4.06 	 -1.62 	 46.76 	 -1.290969
	 4.03 	 -1.66 	 46.78 	 -1.332907
	 3.99 	 -1.70 	 46.80 	 -1.375170
	 3.96 	 -1.74 	 46.82 	 -1.417607
	 3.92 	 -1.78 	 46.84 	 -1.460046
	 3.89 	 -1.82 	 46.86 	 -1.502295
	 3.85 	 -1.86 	 46.88 	 -1.544140
	 3.81 	 -1.90 	 46.90 	 -1.585345
	 3.77 	 -1.94 	 46.92 	 -1.625653
	 3.73 	 -1.97 	 46.94 	 -1.664787
	 3.69 	 -2.01 	 46.96 	 -1.702450
	 3.65 	 -2.05 	 46.98 	 -1.738324
	 3.61 	 -2.09 	 47.00 	 -1.772074
	 3.57 	 -2.12 	 47.02 	 -1.803347
	 3.52 	 -2.16 	 47.04 	 -1.831774
	 3.48 	 -2.19 	 47.06 	 -1.856972
	 3.44 	 -2.23 	 47.08 	 -1.878546
	 3.39 	 -2.26 	 47.10 	 -1.896091
	 3.34 	 -2.30 	 47.12 	 -1.909191
	 3.30 	 -2.33 	 47.14 	 -1.917429
	 3.25 	 -2.36 	 47.16 	 -1.920383
	 3.20 	 -2.39 	 47.18 	 -1.917631
	 3.15 	 -2.43 	 47.20 	 -1.908755
	 3.11 	 -2.46 	 47.22 	 -1.893344
	 3.06 	 -2.49 	 47.24 	 -1.870997
	 3.00 	 -2.52 	 47.26 	 -1.841328
	 2.95 	 -2.55 	 47.28 	 -1.803967
	 2.90 	 -2.58 	 47.30 	 -1.758566
	 2.85 	 -2.61 	 47.32 	 -1.704803
	 2.80 	 -2.64 	 47.34 	 -1.642386
	 2.74 	 -2.66 	 47.36 	 -1.571055
	 2.69 	 -2.69 	 47.38 	 -1.490587
	 2.64 	 -2.72 	 47.40 	 -1.400800
	 2.58 	 -2.75 	 47.42 	 -1.301558
	 2.53 	 -2.77 	 47.44 	 -1.192770
	 2.47 	 -2.80 	 47.46 	 -1.074399
	 2.41 	 -2.82 	 47.48 	 -0.946461
	 2.36 	 -2.85 	 47.50 	 -0.809028
	 2.30 	 -2.87 	 47.52 	 -0.662233
	 2.24 	 -2.89 	 47.54 	 -0.506268
	 2.18 	 -2.91 	 47.56 	 -0.341390
	 2.12 	 -2.94 	 47.58 	 -0.167917
	 2.06 	 -2.96 	 47.60 	 0.013765
	 2.01 	 -2.98 	 47.62 	 0.203210
	 1.95 	 -3.00 	 47.64 	 0.399903
	 1.88 	 -3.02 	 47.66 	 0.603269
	 1.82 	 -3.04 	 47.68 	 0.812671
	 1.76 	 -3.05 	 47.70 	 1.027412
	 1.70 	 -3.07 	 47.72 	 1.246738
	 1.64 	 -3.09 	 47.74 	 1.469843
	 1.58 	 -3.11 	 47.76 	 1.695868
	 1.52 	 -3.12 	 47.78 	 1.923912
	 1.45 	 -3.14 	 47.80 	 2.153032
	 1.39 	 -3.15 	 47.82 	 2.382250
	 1.33 	 -3.17 	 47.84 	 2.610558
	 1.26 	 -3.18 	 47.86 	 2.836928
	 1.20 	 -3.19 	 47.88 	 3.060311
	 1.13 	 -3.20 	 47.90 	 3.279651
	 1.07 	 -3.21 	 47.92 	 3.493891
	 1.01 	 -3.23 	 47.94 	 3.701976
	 0.94 	 -3.24 	 47.96 	 3.902866
	 0.88 	 -3.24 	 47.98 	 4.095540
	 0.81 	 -3.25 	 48.00 	 4.279004
	 0.75 	 -3.26 	 48.02 	 4.452300
	 0.68 	 -3.27 	 48.04 	 4.614512
	 0.62 	 -3.28 	 48.06 	 4.764774
	 0.55 	 -3.28 	 48.08 	 4.902275
	 0.48 	 -3.29 	 48.10 	 5.026267
	 0.42 	 -3.29 	 48.12 	 5.136071
	 0.35 	 -3.30 	 48.14 	 5.231081
	 0.29 	 -3.30 	 48.16 	 5.310770
	 0.22 	 -3.30 	 48.18 	 5.374694
	 0.15 	 -3.31 	 48.20 	 5.422496
	 0.09 	 -3.31 	 48.22 	 5.453909
	 0.02 	 -3.31 	 48.24 	 5.468756
	 -0.04 	 -3.31 	 48.26 	 5.466956
	 -0.11 	 -3.31 	 48.28 	 5.448517
	 -0.18 	 -3.31 	 48.30 	 5.413547
	 -0.24 	 -3.30 	 48.32 	 5.362242
	 -0.31 	 -3.30 	 48.34 	 5.294892
	 -0.37 	 -3.30 	 48.36 	 5.211874
	 -0.44 	 -3.30 	 48.38 	 5.113653
	 -0.51 	 -3.29 	 48.40 	 5.000773
	 -0.57 	 -3.29 	 48.42 	 4.873860
	 -0.64 	 -3.28 	 48.44 	 4.733608
	 -0.70 	 -3.27 	 48.46 	 4.580781
	 -0.77 	 -3.27 	 48.48 	 4.416204
	 -0.83 	 -3.26 	 48.50 	 4.240754
	 -0.90 	 -3.25 	 48.52 	 4.055358
	 -0.96 	 -3.24 	 48.54 	 3.860983
	 -1.03 	 -3.23 	 48.56 	 3.658629
	 -1.09 	 -3.22 	 48.58 	 3.449323
	 -1.16 	 -3.21 	 48.60 	 3.234109
	 -1.22 	 -3.20 	 48.62 	 3.014041
	 -1.28 	 -3.19 	 48.64 	 2.790178
	 -1.35 	 -3.17 	 48.66 	 2.563574
	 -1.41 	 -3.16 	 48.68 	 2.335273
	 -1.47 	 -3.15 	 48.70 	 2.106298
	 -1.54 	 -3.13 	 48.72 	 1.877651
	 -1.60 	 -3.12 	 48.74 	 1.650301
	 -1.66 	 -3.10 	 48.76 	 1.425181
	 -1.72 	 -3.08 	 48.78 	 1.203184
	 -1.78 	 -3.07 	 48.80 	 0.985153
	 -1.85 	 -3.05 	 48.82 	 0.771884
	 -1.91 	 -3.03 	 48.84 	 0.564116
	 -1.97 	 -3.01 	 48.86 	 0.362532
	 -2.03 	 -2.99 	 48.88 	 0.167754
	 -2.09 	 -2.97 	 48.90 	 -0.019656
	 -2.14 	 -2.95 	 48.92 	 -0.199203
	 -2.20 	 -2.93 	 48.94 	 -0.370452
	 -2.26 	 -2.91 	 48.96 	 -0.533036
	 -2.32 	 -2.88 	 48.98 	 -0.686651
	 -2.38 	 -2.86 	 49.00 	 -0.831056
	 -2.43 	 -2.84 	 49.02 	 -0.966074
	 -2.49 	 -2.81 	 49.04 	 -1.091586
	 -2.54 	 -2.79 	 49.06 	 -1.207535
	 -2.60 	 -2.76 	 49.08 	 -1.313917
	 -2.65 	 -2.74 	 49.10 	 -1.410785
	 -2.71 	 -2.71 	 49.12 	 -1.498238
	 -2.76 	 -2.68 	 49.14 	 -1.576425
	 -2.82 	 -2.66 	 49.16 	 -1.645540
	 -2.87 	 -2.63 	 49.18 	 -1.705813
	 -2.92 	 -2.60 	 49.20 	 -1.757514
	 -2.97 	 -2.57 	 49.22 	 -1.800942
	 -3.02 	 -2.54 	 49.24 	 -1.836428
	 -3.07 	 -2.51 	 49.26 	 -1.864324
	 -3.12 	 -2.48 	 49.28 	 -1.885005
	 -3.17 	 -2.45 	 49.30 	 -1.898862
	 -3.22 	 -2.42 	 49.32 	 -1.906299
	 -3.27 	 -2.38 	 49.34 	 -1.907730
	 -3.31 	 -2.35 	 49.36 	 -1.903575
	 -3.36 	 -2.32 	 49.38 	 -1.894256
	 -3.41 	 -2.28 	 49.40 	 -1.880196
	 -3.45 	 -2.25 	 49.42 	 -1.861812
	 -3.50 	 -2.22 	 49.44 	 -1.839519
	 -3.54 	 -2.18 	 49.46 	 -1.813719
	 -3.58 	 -2.15 	 49.48 	 -1.784807
	 -3.62 	 -2.11 	 49.50 	 -1.753164
	 -3.67 	 -2.07 	 49.52 	 -1.719154
	 -3.71 	 -2.04 	 49.54 	 -1.683129
	 -3.75 	 -2.00 	 49.56 	 -1.645420
	 -3.79 	 -1.96 	 49.58 	 -1.606340
	 -3.82 	 -1.92 	 49.60 	 -1.566184
	 -3.86 	 -1.89 	 49.62 	 -1.525224
	 -3.90 	 -1.85 	 49.64 	 -1.483714
	 -3.93 	 -1.81 	 49.66 	 -1.441885
	 -3.97 	 -1.77 	 49.68 	 -1.399946
	 -4.00 	 -1.73 	 49.70 	 -1.358086
	 -4.04 	 -1.69 	 49.72 	 -1.316473
	 -4.07 	 -1.65 	 49.74 	 -1.275253
	 -4.10 	 -1.61 	 49.76 	 -1.234551
	 -4.14 	 -1.57 	 49.78 	 -1.194475
	 -4.17 	 -1.53 	 49.80 	 -1.155109
	 -4.20 	 -1.48 	 49.82 	 -1.116522
	 -4.22 	 -1.44 	 49.84 	 -1.078764
	 -4.25 	 -1.40 	 49.86 	 -1.041867
	 -4.28 	 -1.36 	 49.88 	 -1.005847
	 -4.31 	 -1.31 	 49.90 	 -0.970707
	 -4.33 	 -1.27 	 49.92 	 -0.936432
	 -4.36 	 -1.23 	 49.94 	 -0.902995
	 -4.38 	 -1.18 	 49.96 	 -0.870358
	 -4.40 	 -1.14 	 49.98 	 -0.838469
	 -4.42 	 -1.10 	 50.00 	 -0.807266
