	 2.00 	 3.00 	 0.00 	 8.742441
	 2.12 	 2.95 	 0.04 	 8.848524
	 2.23 	 2.91 	 0.08 	 8.911334
	 2.35 	 2.86 	 0.12 	 8.929245
	 2.46 	 2.80 	 0.16 	 8.901688
	 2.57 	 2.75 	 0.20 	 8.829093
	 2.68 	 2.69 	 0.24 	 8.712796
	 2.78 	 2.63 	 0.28 	 8.554932
	 2.89 	 2.57 	 0.32 	 8.358313
	 2.99 	 2.51 	 0.36 	 8.126300
	 3.08 	 2.44 	 0.40 	 7.862671
	 3.18 	 2.38 	 0.44 	 7.571495
	 3.27 	 2.31 	 0.48 	 7.257007
	 3.36 	 2.24 	 0.52 	 6.923497
	 3.45 	 2.17 	 0.56 	 6.575212
	 3.53 	 2.09 	 0.60 	 6.216264
	 3.61 	 2.02 	 0.64 	 5.850564
	 3.69 	 1.94 	 0.68 	 5.481758
	 3.76 	 1.86 	 0.72 	 5.113191
	 3.84 	 1.79 	 0.76 	 4.747873
	 3.90 	 1.71 	 0.80 	 4.388464
	 3.97 	 1.62 	 0.84 	 4.037268
	 4.03 	 1.54 	 0.88 	 3.696236
	 4.09 	 1.46 	 0.92 	 3.366979
	 4.14 	 1.37 	 0.96 	 3.050780
	 4.20 	 1.29 	 1.00 	 2.748623
	 4.24 	 1.20 	 1.04 	 2.461212
	 4.29 	 1.11 	 1.08 	 2.188999
	 4.33 	 1.03 	 1.12 	 1.932211
	 4.37 	 0.94 	 1.16 	 1.690878
	 4.40 	 0.85 	 1.20 	 1.464853
	 4.43 	 0.76 	 1.24 	 1.253842
	 4.46 	 0.67 	 1.28 	 1.057421
	 4.48 	 0.58 	 1.32 	 0.875060
	 4.50 	 0.49 	 1.36 	 0.706134
	 4.52 	 0.40 	 1.40 	 0.549943
	 4.53 	 0.30 	 1.44 	 0.405724
	 4.54 	 0.21 	 1.48 	 0.272658
	 4.54 	 0.12 	 1.52 	 0.149886
	 4.54 	 0.03 	 1.56 	 0.036513
	 4.54 	 -0.06 	 1.60 	 -0.068385
	 4.53 	 -0.15 	 1.64 	 -0.165751
	 4.52 	 -0.24 	 1.68 	 -0.256541
	 4.51 	 -0.33 	 1.72 	 -0.341717
	 4.49 	 -0.42 	 1.76 	 -0.422235
	 4.47 	 -0.51 	 1.80 	 -0.499043
	 4.45 	 -0.60 	 1.84 	 -0.573060
	 4.42 	 -0.69 	 1.88 	 -0.645173
	 4.39 	 -0.77 	 1.92 	 -0.716214
	 4.36 	 -0.86 	 1.96 	 -0.786951
	 4.32 	 -0.94 	 2.00 	 -0.858065
	 4.28 	 -1.03 	 2.04 	 -0.930130
	 4.23 	 -1.11 	 2.08 	 -1.003598
	 4.19 	 -1.20 	 2.12 	 -1.078768
	 4.14 	 -1.28 	 2.16 	 -1.155772
	 4.08 	 -1.36 	 2.20 	 -1.234548
	 4.02 	 -1.44 	 2.24 	 -1.314820
	 3.96 	 -1.51 	 2.28 	 -1.396081
	 3.90 	 -1.59 	 2.32 	 -1.477574
	 3.83 	 -1.66 	 2.36 	 -1.558284
	 3.76 	 -1.74 	 2.40 	 -1.636932
	 3.69 	 -1.81 	 2.44 	 -1.711974
	 3.62 	 -1.88 	 2.48 	 -1.781610
	 3.54 	 -1.95 	 2.52 	 -1.843802
	 3.46 	 -2.02 	 2.56 	 -1.896301
	 3.37 	 -2.08 	 2.60 	 -1.936681
	 3.29 	 -2.14 	 2.64 	 -1.962391
	 3.20 	 -2.20 	 2.68 	 -1.970808
	 3.11 	 -2.26 	 2.72 	 -1.959305
	 3.02 	 -2.32 	 2.76 	 -1.925326
	 2.92 	 -2.38 	 2.80 	 -1.866471
	 2.82 	 -2.43 	 2.84 	 -1.780576
	 2.72 	 -2.48 	 2.88 	 -1.665811
	 2.62 	 -2.53 	 2.92 	 -1.520764
	 2.52 	 -2.58 	 2.96 	 -1.344527
	 2.42 	 -2.63 	 3.00 	 -1.136776
	 2.31 	 -2.67 	 3.04 	 -0.897837
	 2.20 	 -2.71 	 3.08 	 -0.628742
	 2.09 	 -2.75 	 3.12 	 -0.331262
	 1.98 	 -2.78 	 3.16 	 -0.007930
	 1.87 	 -2.82 	 3.20 	 0.337974
	 1.75 	 -2.85 	 3.24 	 0.702442
	 1.64 	 -2.88 	 3.28 	 1.080800
	 1.52 	 -2.91 	 3.32 	 1.467784
	 1.40 	 -2.93 	 3.36 	 1.857639
	 1.29 	 -2.95 	 3.40 	 2.244243
	 1.17 	 -2.97 	 3.44 	 2.621244
	 1.05 	 -2.99 	 3.48 	 2.982216
	 0.93 	 -3.01 	 3.52 	 3.320819
	 0.81 	 -3.02 	 3.56 	 3.630960
	 0.68 	 -3.03 	 3.60 	 3.906958
	 0.56 	 -3.04 	 3.64 	 4.143699
	 0.44 	 -3.04 	 3.68 	 4.336771
	 0.32 	 -3.04 	 3.72 	 4.482587
	 0.20 	 -3.04 	 3.76 	 4.578485
	 0.08 	 -3.04 	 3.80 	 4.622792
	 -0.04 	 -3.04 	 3.84 	 4.614873
	 -0.17 	 -3.03 	 3.88 	 4.555133
	 -0.29 	 -3.02 	 3.92 	 4.445005
	 -0.41 	 -3.01 	 3.96 	 4.286892
	 -0.53 	 -2.99 	 4.00 	 4.084092
	 -0.65 	 -2.98 	 4.04 	 3.840700
	 -0.76 	 -2.96 	 4.08 	 3.561479
	 -0.88 	 -2.94 	 4.12 	 3.251727
	 -1.00 	 -2.91 	 4.16 	 2.917129
	 -1.11 	 -2.89 	 4.20 	 2.563601
	 -1.23 	 -2.86 	 4.24 	 2.197144
	 -1.34 	 -2.83 	 4.28 	 1.823694
	 -1.45 	 -2.80 	 4.32 	 1.448987
	 -1.56 	 -2.76 	 4.36 	 1.078434
	 -1.67 	 -2.73 	 4.40 	 0.717020
	 -1.78 	 -2.69 	 4.44 	 0.369216
	 -1.89 	 -2.65 	 4.48 	 0.038915
	 -1.99 	 -2.60 	 4.52 	 -0.270615
	 -2.09 	 -2.56 	 4.56 	 -0.556751
	 -2.19 	 -2.51 	 4.60 	 -0.817517
	 -2.29 	 -2.46 	 4.64 	 -1.051574
	 -2.39 	 -2.41 	 4.68 	 -1.258186
	 -2.48 	 -2.36 	 4.72 	 -1.437173
	 -2.58 	 -2.30 	 4.76 	 -1.588862
	 -2.67 	 -2.25 	 4.80 	 -1.714018
	 -2.75 	 -2.19 	 4.84 	 -1.813779
	 -2.84 	 -2.13 	 4.88 	 -1.889584
	 -2.92 	 -2.07 	 4.92 	 -1.943105
	 -3.00 	 -2.01 	 4.96 	 -1.976173
	 -3.08 	 -1.94 	 5.00 	 -1.990721
	 -3.15 	 -1.88 	 5.04 	 -1.988718
	 -3.23 	 -1.81 	 5.08 	 -1.972118
	 -3.30 	 -1.74 	 5.12 	 -1.942817
	 -3.36 	 -1.67 	 5.16 	 -1.902612
	 -3.43 	 -1.60 	 5.20 	 -1.853168
	 -3.49 	 -1.53 	 5.24 	 -1.796002
	 -3.55 	 -1.46 	 5.28 	 -1.732458
	 -3.60 	 -1.39 	 5.32 	 -1.663702
	 -3.65 	 -1.31 	 5.36 	 -1.590717
	 -3.70 	 -1.23 	 5.40 	 -1.514301
	 -3.75 	 -1.16 	 5.44 	 -1.435075
	 -3.79 	 -1.08 	 5.48 	 -1.353489
	 -3.83 	 -1.00 	 5.52 	 -1.269835
	 -3.87 	 -0.92 	 5.56 	 -1.184257
	 -3.90 	 -0.84 	 5.60 	 -1.096766
	 -3.94 	 -0.76 	 5.64 	 -1.007257
	 -3.96 	 -0.68 	 5.68 	 -0.915521
	 -3.99 	 -0.60 	 5.72 	 -0.821265
	 -4.01 	 -0.52 	 5.76 	 -0.724120
	 -4.03 	 -0.44 	 5.80 	 -0.623661
	 -4.04 	 -0.36 	 5.84 	 -0.519419
	 -4.05 	 -0.28 	 5.88 	 -0.410894
	 -4.06 	 -0.20 	 5.92 	 -0.297566
	 -4.06 	 -0.12 	 5.96 	 -0.178907
	 -4.06 	 -0.03 	 6.00 	 -0.054396
	 -4.06 	 0.05 	 6.04 	 0.076479
	 -4.06 	 0.13 	 6.08 	 0.214200
	 -4.05 	 0.21 	 6.12 	 0.359219
	 -4.04 	 0.29 	 6.16 	 0.511942
	 -4.02 	 0.37 	 6.20 	 0.672719
	 -4.01 	 0.45 	 6.24 	 0.841840
	 -3.98 	 0.53 	 6.28 	 1.019515
	 -3.96 	 0.61 	 6.32 	 1.205872
	 -3.93 	 0.69 	 6.36 	 1.400940
	 -3.90 	 0.76 	 6.40 	 1.604642
	 -3.87 	 0.84 	 6.44 	 1.816782
	 -3.83 	 0.91 	 6.48 	 2.037035
	 -3.79 	 0.99 	 6.52 	 2.264935
	 -3.75 	 1.06 	 6.56 	 2.499866
	 -3.70 	 1.14 	 6.60 	 2.741055
	 -3.66 	 1.21 	 6.64 	 2.987564
	 -3.60 	 1.28 	 6.68 	 3.238282
	 -3.55 	 1.35 	 6.72 	 3.491928
	 -3.49 	 1.42 	 6.76 	 3.747049
	 -3.43 	 1.48 	 6.80 	 4.002025
	 -3.37 	 1.55 	 6.84 	 4.255076
	 -3.31 	 1.61 	 6.88 	 4.504278
	 -3.24 	 1.68 	 6.92 	 4.747579
	 -3.17 	 1.74 	 6.96 	 4.982825
	 -3.10 	 1.80 	 7.00 	 5.207785
	 -3.03 	 1.86 	 7.04 	 5.420189
	 -2.95 	 1.91 	 7.08 	 5.617766
	 -2.87 	 1.97 	 7.12 	 5.798284
	 -2.79 	 2.02 	 7.16 	 5.959603
	 -2.71 	 2.07 	 7.20 	 6.099722
	 -2.62 	 2.12 	 7.24 	 6.216831
	 -2.53 	 2.17 	 7.28 	 6.309366
	 -2.45 	 2.22 	 7.32 	 6.376058
	 -2.36 	 2.26 	 7.36 	 6.415981
	 -2.26 	 2.31 	 7.40 	 6.428600
	 -2.17 	 2.35 	 7.44 	 6.413804
	 -2.07 	 2.38 	 7.48 	 6.371940
	 -1.98 	 2.42 	 7.52 	 6.303828
	 -1.88 	 2.46 	 7.56 	 6.210775
	 -1.78 	 2.49 	 7.60 	 6.094570
	 -1.68 	 2.52 	 7.64 	 5.957464
	 -1.58 	 2.55 	 7.68 	 5.802148
	 -1.47 	 2.57 	 7.72 	 5.631701
	 -1.37 	 2.60 	 7.76 	 5.449545
	 -1.26 	 2.62 	 7.80 	 5.259366
	 -1.16 	 2.64 	 7.84 	 5.065048
	 -1.05 	 2.66 	 7.88 	 4.870579
	 -0.95 	 2.67 	 7.92 	 4.679963
	 -0.84 	 2.69 	 7.96 	 4.497126
	 -0.73 	 2.70 	 8.00 	 4.325821
	 -0.62 	 2.71 	 8.04 	 4.169535
	 -0.51 	 2.72 	 8.08 	 4.031402
	 -0.40 	 2.72 	 8.12 	 3.914127
	 -0.30 	 2.72 	 8.16 	 3.819917
	 -0.19 	 2.72 	 8.20 	 3.750430
	 -0.08 	 2.72 	 8.24 	 3.706730
	 0.03 	 2.72 	 8.28 	 3.689273
	 0.14 	 2.71 	 8.32 	 3.697894
	 0.25 	 2.70 	 8.36 	 3.731821
	 0.36 	 2.69 	 8.40 	 3.789702
	 0.46 	 2.68 	 8.44 	 3.869649
	 0.57 	 2.67 	 8.48 	 3.969289
	 0.68 	 2.65 	 8.52 	 4.085840
	 0.78 	 2.63 	 8.56 	 4.216178
	 0.88 	 2.61 	 8.60 	 4.356930
	 0.99 	 2.59 	 8.64 	 4.504553
	 1.09 	 2.56 	 8.68 	 4.655427
	 1.19 	 2.53 	 8.72 	 4.805940
	 1.29 	 2.51 	 8.76 	 4.952568
	 1.39 	 2.48 	 8.80 	 5.091954
	 1.49 	 2.44 	 8.84 	 5.220972
	 1.59 	 2.41 	 8.88 	 5.336789
	 1.68 	 2.37 	 8.92 	 5.436906
	 1.77 	 2.33 	 8.96 	 5.519199
	 1.87 	 2.29 	 9.00 	 5.581939
	 1.96 	 2.25 	 9.04 	 5.623805
	 2.04 	 2.21 	 9.08 	 5.643888
	 2.13 	 2.16 	 9.12 	 5.641679
	 2.21 	 2.11 	 9.16 	 5.617055
	 2.30 	 2.07 	 9.20 	 5.570251
	 2.38 	 2.02 	 9.24 	 5.501829
	 2.46 	 1.96 	 9.28 	 5.412646
	 2.53 	 1.91 	 9.32 	 5.303810
	 2.61 	 1.86 	 9.36 	 5.176638
	 2.68 	 1.80 	 9.40 	 5.032621
	 2.75 	 1.74 	 9.44 	 4.873372
	 2.82 	 1.69 	 9.48 	 4.700597
	 2.88 	 1.63 	 9.52 	 4.516049
	 2.94 	 1.57 	 9.56 	 4.321496
	 3.00 	 1.50 	 9.60 	 4.118690
	 3.06 	 1.44 	 9.64 	 3.909341
	 3.12 	 1.38 	 9.68 	 3.695092
	 3.17 	 1.31 	 9.72 	 3.477498
	 3.22 	 1.24 	 9.76 	 3.258014
	 3.27 	 1.18 	 9.80 	 3.037982
	 3.31 	 1.11 	 9.84 	 2.818621
	 3.35 	 1.04 	 9.88 	 2.601024
	 3.39 	 0.97 	 9.92 	 2.386157
	 3.43 	 0.90 	 9.96 	 2.174857
	 3.46 	 0.83 	 10.00 	 1.967835
	 3.49 	 0.76 	 10.04 	 1.765682
	 3.52 	 0.69 	 10.08 	 1.568873
	 3.54 	 0.62 	 10.12 	 1.377776
	 3.57 	 0.55 	 10.16 	 1.192656
	 3.58 	 0.47 	 10.20 	 1.013690
	 3.60 	 0.40 	 10.24 	 0.840968
	 3.61 	 0.33 	 10.28 	 0.674509
	 3.62 	 0.26 	 10.32 	 0.514268
	 3.63 	 0.18 	 10.36 	 0.360144
	 3.64 	 0.11 	 10.40 	 0.211992
	 3.64 	 0.04 	 10.44 	 0.069632
	 3.64 	 -0.04 	 10.48 	 -0.067143
	 3.63 	 -0.11 	 10.52 	 -0.198556
	 3.62 	 -0.18 	 10.56 	 -0.324837
	 3.61 	 -0.25 	 10.60 	 -0.446213
	 3.60 	 -0.33 	 10.64 	 -0.562901
	 3.58 	 -0.40 	 10.68 	 -0.675096
	 3.57 	 -0.47 	 10.72 	 -0.782964
	 3.54 	 -0.54 	 10.76 	 -0.886632
	 3.52 	 -0.61 	 10.80 	 -0.986182
	 3.49 	 -0.68 	 10.84 	 -1.081639
	 3.46 	 -0.75 	 10.88 	 -1.172967
	 3.43 	 -0.81 	 10.92 	 -1.260060
	 3.40 	 -0.88 	 10.96 	 -1.342737
	 3.36 	 -0.95 	 11.00 	 -1.420736
	 3.32 	 -1.01 	 11.04 	 -1.493713
	 3.27 	 -1.08 	 11.08 	 -1.561238
	 3.23 	 -1.14 	 11.12 	 -1.622794
	 3.18 	 -1.20 	 11.16 	 -1.677784
	 3.13 	 -1.26 	 11.20 	 -1.725527
	 3.08 	 -1.32 	 11.24 	 -1.765272
	 3.02 	 -1.38 	 11.28 	 -1.796205
	 2.96 	 -1.44 	 11.32 	 -1.817460
	 2.90 	 -1.50 	 11.36 	 -1.828137
	 2.84 	 -1.55 	 11.40 	 -1.827316
	 2.78 	 -1.60 	 11.44 	 -1.814081
	 2.71 	 -1.66 	 11.48 	 -1.787542
	 2.64 	 -1.71 	 11.52 	 -1.746859
	 2.57 	 -1.76 	 11.56 	 -1.691271
	 2.50 	 -1.81 	 11.60 	 -1.620124
	 2.43 	 -1.85 	 11.64 	 -1.532897
	 2.35 	 -1.90 	 11.68 	 -1.429234
	 2.27 	 -1.94 	 11.72 	 -1.308968
	 2.19 	 -1.98 	 11.76 	 -1.172150
	 2.11 	 -2.02 	 11.80 	 -1.019068
	 2.03 	 -2.06 	 11.84 	 -0.850270
	 1.95 	 -2.10 	 11.88 	 -0.666574
	 1.86 	 -2.13 	 11.92 	 -0.469080
	 1.78 	 -2.16 	 11.96 	 -0.259172
	 1.69 	 -2.20 	 12.00 	 -0.038512
	 1.60 	 -2.22 	 12.04 	 0.190966
	 1.51 	 -2.25 	 12.08 	 0.427081
	 1.42 	 -2.28 	 12.12 	 0.667426
	 1.33 	 -2.30 	 12.16 	 0.909402
	 1.23 	 -2.32 	 12.20 	 1.150258
	 1.14 	 -2.34 	 12.24 	 1.387135
	 1.04 	 -2.36 	 12.28 	 1.617115
	 0.95 	 -2.38 	 12.32 	 1.837279
	 0.85 	 -2.39 	 12.36 	 2.044756
	 0.76 	 -2.40 	 12.40 	 2.236785
	 0.66 	 -2.41 	 12.44 	 2.410768
	 0.56 	 -2.42 	 12.48 	 2.564326
	 0.47 	 -2.43 	 12.52 	 2.695347
	 0.37 	 -2.43 	 12.56 	 2.802030
	 0.27 	 -2.44 	 12.60 	 2.882926
	 0.17 	 -2.44 	 12.64 	 2.936965
	 0.08 	 -2.44 	 12.68 	 2.963478
	 -0.02 	 -2.43 	 12.72 	 2.962214
	 -0.12 	 -2.43 	 12.76 	 2.933336
	 -0.21 	 -2.42 	 12.80 	 2.877420
	 -0.31 	 -2.41 	 12.84 	 2.795437
	 -0.41 	 -2.40 	 12.88 	 2.688729
	 -0.50 	 -2.39 	 12.92 	 2.558975
	 -0.60 	 -2.37 	 12.96 	 2.408156
	 -0.69 	 -2.36 	 13.00 	 2.238505
	 -0.78 	 -2.34 	 13.04 	 2.052464
	 -0.88 	 -2.32 	 13.08 	 1.852628
	 -0.97 	 -2.29 	 13.12 	 1.641691
	 -1.06 	 -2.27 	 13.16 	 1.422400
	 -1.15 	 -2.24 	 13.20 	 1.197496
	 -1.24 	 -2.22 	 13.24 	 0.969671
	 -1.33 	 -2.19 	 13.28 	 0.741520
	 -1.41 	 -2.16 	 13.32 	 0.515504
	 -1.50 	 -2.12 	 13.36 	 0.293914
	 -1.58 	 -2.09 	 13.40 	 0.078845
	 -1.66 	 -2.05 	 13.44 	 -0.127829
	 -1.74 	 -2.02 	 13.48 	 -0.324466
	 -1.82 	 -1.98 	 13.52 	 -0.509671
	 -1.90 	 -1.94 	 13.56 	 -0.682292
	 -1.98 	 -1.90 	 13.60 	 -0.841423
	 -2.05 	 -1.85 	 13.64 	 -0.986395
	 -2.12 	 -1.81 	 13.68 	 -1.116761
	 -2.19 	 -1.76 	 13.72 	 -1.232286
	 -2.26 	 -1.71 	 13.76 	 -1.332924
	 -2.33 	 -1.67 	 13.80 	 -1.418801
	 -2.39 	 -1.62 	 13.84 	 -1.490188
	 -2.45 	 -1.56 	 13.88 	 -1.547484
	 -2.52 	 -1.51 	 13.92 	 -1.591190
	 -2.57 	 -1.46 	 13.96 	 -1.621886
	 -2.63 	 -1.40 	 14.00 	 -1.640213
	 -2.68 	 -1.35 	 14.04 	 -1.646848
	 -2.74 	 -1.29 	 14.08 	 -1.642492
	 -2.79 	 -1.24 	 14.12 	 -1.627847
	 -2.83 	 -1.18 	 14.16 	 -1.603606
	 -2.88 	 -1.12 	 14.20 	 -1.570438
	 -2.92 	 -1.06 	 14.24 	 -1.528982
	 -2.96 	 -1.00 	 14.28 	 -1.479833
	 -3.00 	 -0.94 	 14.32 	 -1.423541
	 -3.03 	 -0.88 	 14.36 	 -1.360606
	 -3.06 	 -0.81 	 14.40 	 -1.291474
	 -3.09 	 -0.75 	 14.44 	 -1.216536
	 -3.12 	 -0.69 	 14.48 	 -1.136134
	 -3.15 	 -0.62 	 14.52 	 -1.050556
	 -3.17 	 -0.56 	 14.56 	 -0.960043
	 -3.19 	 -0.49 	 14.60 	 -0.864794
	 -3.21 	 -0.43 	 14.64 	 -0.764969
	 -3.22 	 -0.36 	 14.68 	 -0.660692
	 -3.23 	 -0.30 	 14.72 	 -0.552064
	 -3.24 	 -0.23 	 14.76 	 -0.439161
	 -3.25 	 -0.17 	 14.80 	 -0.322047
	 -3.25 	 -0.10 	 14.84 	 -0.200777
	 -3.25 	 -0.04 	 14.88 	 -0.075404
	 -3.25 	 0.03 	 14.92 	 0.054011
	 -3.25 	 0.09 	 14.96 	 0.187398
	 -3.24 	 0.16 	 15.00 	 0.324666
	 -3.23 	 0.22 	 15.04 	 0.465699
	 -3.22 	 0.29 	 15.08 	 0.610349
	 -3.21 	 0.35 	 15.12 	 0.758434
	 -3.19 	 0.41 	 15.16 	 0.909726
	 -3.17 	 0.48 	 15.20 	 1.063950
	 -3.15 	 0.54 	 15.24 	 1.220780
	 -3.13 	 0.60 	 15.28 	 1.379834
	 -3.10 	 0.66 	 15.32 	 1.540669
	 -3.07 	 0.72 	 15.36 	 1.702784
	 -3.04 	 0.78 	 15.40 	 1.865612
	 -3.01 	 0.84 	 15.44 	 2.028525
	 -2.97 	 0.90 	 15.48 	 2.190833
	 -2.93 	 0.96 	 15.52 	 2.351786
	 -2.89 	 1.01 	 15.56 	 2.510576
	 -2.85 	 1.07 	 15.60 	 2.666347
	 -2.80 	 1.13 	 15.64 	 2.818198
	 -2.76 	 1.18 	 15.68 	 2.965190
	 -2.71 	 1.23 	 15.72 	 3.106359
	 -2.66 	 1.28 	 15.76 	 3.240726
	 -2.60 	 1.33 	 15.80 	 3.367312
	 -2.55 	 1.38 	 15.84 	 3.485149
	 -2.49 	 1.43 	 15.88 	 3.593297
	 -2.43 	 1.48 	 15.92 	 3.690863
	 -2.37 	 1.52 	 15.96 	 3.777015
	 -2.31 	 1.57 	 16.00 	 3.851001
	 -2.24 	 1.61 	 16.04 	 3.912170
	 -2.18 	 1.65 	 16.08 	 3.959983
	 -2.11 	 1.69 	 16.12 	 3.994038
	 -2.04 	 1.73 	 16.16 	 4.014078
	 -1.97 	 1.77 	 16.20 	 4.020008
	 -1.90 	 1.81 	 16.24 	 4.011908
	 -1.82 	 1.84 	 16.28 	 3.990038
	 -1.75 	 1.87 	 16.32 	 3.954845
	 -1.67 	 1.90 	 16.36 	 3.906967
	 -1.60 	 1.93 	 16.40 	 3.847228
	 -1.52 	 1.96 	 16.44 	 3.776635
	 -1.44 	 1.99 	 16.48 	 3.696364
	 -1.36 	 2.01 	 16.52 	 3.607749
	 -1.28 	 2.04 	 16.56 	 3.512266
	 -1.19 	 2.06 	 16.60 	 3.411504
	 -1.11 	 2.08 	 16.64 	 3.307144
	 -1.03 	 2.10 	 16.68 	 3.200933
	 -0.94 	 2.11 	 16.72 	 3.094647
	 -0.86 	 2.13 	 16.76 	 2.990063
	 -0.77 	 2.14 	 16.80 	 2.888925
	 -0.69 	 2.15 	 16.84 	 2.792909
	 -0.60 	 2.16 	 16.88 	 2.703593
	 -0.51 	 2.17 	 16.92 	 2.622423
	 -0.43 	 2.17 	 16.96 	 2.550685
	 -0.34 	 2.18 	 17.00 	 2.489482
	 -0.25 	 2.18 	 17.04 	 2.439709
	 -0.16 	 2.18 	 17.08 	 2.402037
	 -0.08 	 2.18 	 17.12 	 2.376903
	 0.01 	 2.18 	 17.16 	 2.364496
	 0.10 	 2.17 	 17.20 	 2.364765
	 0.18 	 2.17 	 17.24 	 2.377414
	 0.27 	 2.16 	 17.28 	 2.401914
	 0.36 	 2.15 	 17.32 	 2.437518
	 0.44 	 2.14 	 17.36 	 2.483277
	 0.53 	 2.12 	 17.40 	 2.538062
	 0.61 	 2.11 	 17.44 	 2.600594
	 0.69 	 2.09 	 17.48 	 2.669463
	 0.78 	 2.07 	 17.52 	 2.743166
	 0.86 	 2.05 	 17.56 	 2.820136
	 0.94 	 2.03 	 17.60 	 2.898769
	 1.02 	 2.01 	 17.64 	 2.977461
	 1.10 	 1.99 	 17.68 	 3.054631
	 1.18 	 1.96 	 17.72 	 3.128754
	 1.26 	 1.93 	 17.76 	 3.198382
	 1.33 	 1.90 	 17.80 	 3.262168
	 1.41 	 1.87 	 17.84 	 3.318884
	 1.48 	 1.84 	 17.88 	 3.367439
	 1.55 	 1.81 	 17.92 	 3.406887
	 1.62 	 1.77 	 17.96 	 3.436438
	 1.69 	 1.74 	 18.00 	 3.455461
	 1.76 	 1.70 	 18.04 	 3.463486
	 1.83 	 1.66 	 18.08 	 3.460203
	 1.89 	 1.62 	 18.12 	 3.445455
	 1.96 	 1.58 	 18.16 	 3.419231
	 2.02 	 1.54 	 18.20 	 3.381659
	 2.08 	 1.49 	 18.24 	 3.332991
	 2.14 	 1.45 	 18.28 	 3.273594
	 2.19 	 1.40 	 18.32 	 3.203934
	 2.25 	 1.36 	 18.36 	 3.124560
	 2.30 	 1.31 	 18.40 	 3.036095
	 2.35 	 1.26 	 18.44 	 2.939218
	 2.40 	 1.21 	 18.48 	 2.834650
	 2.44 	 1.16 	 18.52 	 2.723141
	 2.49 	 1.11 	 18.56 	 2.605461
	 2.53 	 1.06 	 18.60 	 2.482382
	 2.57 	 1.01 	 18.64 	 2.354674
	 2.61 	 0.95 	 18.68 	 2.223092
	 2.64 	 0.90 	 18.72 	 2.088369
	 2.68 	 0.84 	 18.76 	 1.951211
	 2.71 	 0.79 	 18.80 	 1.812291
	 2.74 	 0.73 	 18.84 	 1.672241
	 2.77 	 0.68 	 18.88 	 1.531656
	 2.79 	 0.62 	 18.92 	 1.391087
	 2.81 	 0.56 	 18.96 	 1.251041
	 2.83 	 0.50 	 19.00 	 1.111982
	 2.85 	 0.45 	 19.04 	 0.974332
	 2.87 	 0.39 	 19.08 	 0.838471
	 2.88 	 0.33 	 19.12 	 0.704741
	 2.89 	 0.27 	 19.16 	 0.573447
	 2.90 	 0.21 	 19.20 	 0.444863
	 2.91 	 0.16 	 19.24 	 0.319230
	 2.91 	 0.10 	 19.28 	 0.196768
	 2.91 	 0.04 	 19.32 	 0.077673
	 2.91 	 -0.02 	 19.36 	 -0.037876
	 2.91 	 -0.08 	 19.40 	 -0.149712
	 2.90 	 -0.14 	 19.44 	 -0.257677
	 2.89 	 -0.19 	 19.48 	 -0.361619
	 2.88 	 -0.25 	 19.52 	 -0.461383
	 2.87 	 -0.31 	 19.56 	 -0.556814
	 2.86 	 -0.36 	 19.60 	 -0.647748
	 2.84 	 -0.42 	 19.64 	 -0.734011
	 2.82 	 -0.48 	 19.68 	 -0.815416
	 2.80 	 -0.53 	 19.72 	 -0.891762
	 2.78 	 -0.59 	 19.76 	 -0.962829
	 2.75 	 -0.64 	 19.80 	 -1.028381
	 2.72 	 -0.70 	 19.84 	 -1.088160
	 2.69 	 -0.75 	 19.88 	 -1.141893
	 2.66 	 -0.80 	 19.92 	 -1.189287
	 2.63 	 -0.85 	 19.96 	 -1.230036
	 2.59 	 -0.90 	 20.00 	 -1.263819
	 2.55 	 -0.95 	 20.04 	 -1.290309
	 2.51 	 -1.00 	 20.08 	 -1.309172
	 2.47 	 -1.05 	 20.12 	 -1.320079
	 2.43 	 -1.10 	 20.16 	 -1.322705
	 2.38 	 -1.14 	 20.20 	 -1.316742
	 2.33 	 -1.19 	 20.24 	 -1.301906
	 2.28 	 -1.23 	 20.28 	 -1.277944
	 2.23 	 -1.28 	 20.32 	 -1.244642
	 2.18 	 -1.32 	 20.36 	 -1.201840
	 2.13 	 -1.36 	 20.40 	 -1.149433
	 2.07 	 -1.40 	 20.44 	 -1.087390
	 2.01 	 -1.44 	 20.48 	 -1.015753
	 1.95 	 -1.48 	 20.52 	 -0.934657
	 1.89 	 -1.51 	 20.56 	 -0.844325
	 1.83 	 -1.55 	 20.60 	 -0.745085
	 1.77 	 -1.58 	 20.64 	 -0.637370
	 1.70 	 -1.61 	 20.68 	 -0.521724
	 1.64 	 -1.64 	 20.72 	 -0.398801
	 1.57 	 -1.67 	 20.76 	 -0.269368
	 1.50 	 -1.70 	 20.80 	 -0.134302
	 1.43 	 -1.73 	 20.84 	 0.005418
	 1.36 	 -1.75 	 20.88 	 0.148712
	 1.29 	 -1.78 	 20.92 	 0.294415
	 1.22 	 -1.80 	 20.96 	 0.441281
	 1.15 	 -1.82 	 21.00 	 0.588004
	 1.07 	 -1.84 	 21.04 	 0.733230
	 1.00 	 -1.86 	 21.08 	 0.875574
	 0.92 	 -1.87 	 21.12 	 1.013641
	 0.85 	 -1.89 	 21.16 	 1.146045
	 0.77 	 -1.90 	 21.20 	 1.271427
	 0.70 	 -1.91 	 21.24 	 1.388482
	 0.62 	 -1.92 	 21.28 	 1.495971
	 0.54 	 -1.93 	 21.32 	 1.592750
	 0.46 	 -1.94 	 21.36 	 1.677782
	 0.39 	 -1.94 	 21.40 	 1.750155
	 0.31 	 -1.95 	 21.44 	 1.809102
	 0.23 	 -1.95 	 21.48 	 1.854007
	 0.15 	 -1.95 	 21.52 	 1.884419
	 0.07 	 -1.95 	 21.56 	 1.900059
	 -0.00 	 -1.95 	 21.60 	 1.900823
	 -0.08 	 -1.94 	 21.64 	 1.886782
	 -0.16 	 -1.94 	 21.68 	 1.858183
	 -0.24 	 -1.93 	 21.72 	 1.815439
	 -0.31 	 -1.92 	 21.76 	 1.759128
	 -0.39 	 -1.91 	 21.80 	 1.689971
	 -0.47 	 -1.90 	 21.84 	 1.608832
	 -0.54 	 -1.89 	 21.88 	 1.516689
	 -0.62 	 -1.87 	 21.92 	 1.414629
	 -0.69 	 -1.86 	 21.96 	 1.303822
	 -0.76 	 -1.84 	 22.00 	 1.185502
	 -0.84 	 -1.82 	 22.04 	 1.060953
	 -0.91 	 -1.80 	 22.08 	 0.931484
	 -0.98 	 -1.78 	 22.12 	 0.798412
	 -1.05 	 -1.76 	 22.16 	 0.663042
	 -1.12 	 -1.73 	 22.20 	 0.526654
	 -1.19 	 -1.71 	 22.24 	 0.390484
	 -1.25 	 -1.68 	 22.28 	 0.255710
	 -1.32 	 -1.65 	 22.32 	 0.123442
	 -1.38 	 -1.62 	 22.36 	 -0.005293
	 -1.45 	 -1.59 	 22.40 	 -0.129549
	 -1.51 	 -1.56 	 22.44 	 -0.248480
	 -1.57 	 -1.52 	 22.48 	 -0.361333
	 -1.63 	 -1.49 	 22.52 	 -0.467456
	 -1.69 	 -1.45 	 22.56 	 -0.566295
	 -1.75 	 -1.42 	 22.60 	 -0.657396
	 -1.80 	 -1.38 	 22.64 	 -0.740398
	 -1.85 	 -1.34 	 22.68 	 -0.815030
	 -1.91 	 -1.30 	 22.72 	 -0.881110
	 -1.96 	 -1.26 	 22.76 	 -0.938530
	 -2.01 	 -1.22 	 22.80 	 -0.987257
	 -2.05 	 -1.18 	 22.84 	 -1.027322
	 -2.10 	 -1.13 	 22.88 	 -1.058812
	 -2.14 	 -1.09 	 22.92 	 -1.081867
	 -2.18 	 -1.04 	 22.96 	 -1.096664
	 -2.22 	 -1.00 	 23.00 	 -1.103419
	 -2.26 	 -0.95 	 23.04 	 -1.102374
	 -2.30 	 -0.90 	 23.08 	 -1.093793
	 -2.33 	 -0.86 	 23.12 	 -1.077955
	 -2.36 	 -0.81 	 23.16 	 -1.055152
	 -2.39 	 -0.76 	 23.20 	 -1.025680
	 -2.42 	 -0.71 	 23.24 	 -0.989836
	 -2.45 	 -0.66 	 23.28 	 -0.947919
	 -2.47 	 -0.61 	 23.32 	 -0.900223
	 -2.50 	 -0.56 	 23.36 	 -0.847036
	 -2.52 	 -0.51 	 23.40 	 -0.788641
	 -2.53 	 -0.46 	 23.44 	 -0.725313
	 -2.55 	 -0.40 	 23.48 	 -0.657319
	 -2.56 	 -0.35 	 23.52 	 -0.584921
	 -2.58 	 -0.30 	 23.56 	 -0.508373
	 -2.59 	 -0.25 	 23.60 	 -0.427926
	 -2.59 	 -0.20 	 23.64 	 -0.343825
	 -2.60 	 -0.14 	 23.68 	 -0.256315
	 -2.60 	 -0.09 	 23.72 	 -0.165643
	 -2.61 	 -0.04 	 23.76 	 -0.072054
	 -2.60 	 0.01 	 23.80 	 0.024199
	 -2.60 	 0.07 	 23.84 	 0.122857
	 -2.60 	 0.12 	 23.88 	 0.223653
	 -2.59 	 0.17 	 23.92 	 0.326310
	 -2.58 	 0.22 	 23.96 	 0.430536
	 -2.57 	 0.27 	 24.00 	 0.536028
	 -2.56 	 0.32 	 24.04 	 0.642464
	 -2.54 	 0.37 	 24.08 	 0.749508
	 -2.53 	 0.42 	 24.12 	 0.856805
	 -2.51 	 0.47 	 24.16 	 0.963982
	 -2.49 	 0.52 	 24.20 	 1.070649
	 -2.46 	 0.57 	 24.24 	 1.176399
	 -2.44 	 0.62 	 24.28 	 1.280807
	 -2.41 	 0.67 	 24.32 	 1.383435
	 -2.38 	 0.71 	 24.36 	 1.483833
	 -2.35 	 0.76 	 24.40 	 1.581540
	 -2.32 	 0.80 	 24.44 	 1.676089
	 -2.29 	 0.85 	 24.48 	 1.767009
	 -2.25 	 0.89 	 24.52 	 1.853832
	 -2.21 	 0.94 	 24.56 	 1.936097
	 -2.17 	 0.98 	 24.60 	 2.013354
	 -2.13 	 1.02 	 24.64 	 2.085170
	 -2.09 	 1.06 	 24.68 	 2.151136
	 -2.05 	 1.10 	 24.72 	 2.210873
	 -2.00 	 1.14 	 24.76 	 2.264037
	 -1.95 	 1.18 	 24.80 	 2.310329
	 -1.91 	 1.21 	 24.84 	 2.349496
	 -1.86 	 1.25 	 24.88 	 2.381341
	 -1.80 	 1.28 	 24.92 	 2.405728
	 -1.75 	 1.32 	 24.96 	 2.422587
	 -1.70 	 1.35 	 25.00 	 2.431916
	 -1.64 	 1.38 	 25.04 	 2.433788
	 -1.59 	 1.41 	 25.08 	 2.428353
	 -1.53 	 1.44 	 25.12 	 2.415836
	 -1.47 	 1.47 	 25.16 	 2.396545
	 -1.41 	 1.50 	 25.20 	 2.370859
	 -1.35 	 1.52 	 25.24 	 2.339237
	 -1.29 	 1.54 	 25.28 	 2.302206
	 -1.22 	 1.57 	 25.32 	 2.260360
	 -1.16 	 1.59 	 25.36 	 2.214354
	 -1.10 	 1.61 	 25.40 	 2.164894
	 -1.03 	 1.63 	 25.44 	 2.112727
	 -0.97 	 1.64 	 25.48 	 2.058636
	 -0.90 	 1.66 	 25.52 	 2.003425
	 -0.83 	 1.68 	 25.56 	 1.947907
	 -0.77 	 1.69 	 25.60 	 1.892894
	 -0.70 	 1.70 	 25.64 	 1.839185
	 -0.63 	 1.71 	 25.68 	 1.787550
	 -0.56 	 1.72 	 25.72 	 1.738722
	 -0.49 	 1.73 	 25.76 	 1.693382
	 -0.42 	 1.73 	 25.80 	 1.652148
	 -0.35 	 1.74 	 25.84 	 1.615569
	 -0.28 	 1.74 	 25.88 	 1.584110
	 -0.21 	 1.74 	 25.92 	 1.558151
	 -0.14 	 1.75 	 25.96 	 1.537976
	 -0.07 	 1.75 	 26.00 	 1.523770
	 -0.00 	 1.74 	 26.04 	 1.515619
	 0.07 	 1.74 	 26.08 	 1.513507
	 0.14 	 1.73 	 26.12 	 1.517318
	 0.21 	 1.73 	 26.16 	 1.526837
	 0.27 	 1.72 	 26.20 	 1.541760
	 0.34 	 1.71 	 26.24 	 1.561693
	 0.41 	 1.70 	 26.28 	 1.586167
	 0.48 	 1.69 	 26.32 	 1.614640
	 0.55 	 1.68 	 26.36 	 1.646512
	 0.61 	 1.66 	 26.40 	 1.681134
	 0.68 	 1.65 	 26.44 	 1.717818
	 0.74 	 1.63 	 26.48 	 1.755851
	 0.81 	 1.61 	 26.52 	 1.794506
	 0.87 	 1.59 	 26.56 	 1.833050
	 0.93 	 1.57 	 26.60 	 1.870761
	 1.00 	 1.55 	 26.64 	 1.906935
	 1.06 	 1.53 	 26.68 	 1.940894
	 1.12 	 1.50 	 26.72 	 1.971999
	 1.18 	 1.48 	 26.76 	 1.999656
	 1.23 	 1.45 	 26.80 	 2.023321
	 1.29 	 1.42 	 26.84 	 2.042510
	 1.35 	 1.40 	 26.88 	 2.056797
	 1.40 	 1.37 	 26.92 	 2.065821
	 1.46 	 1.33 	 26.96 	 2.069289
	 1.51 	 1.30 	 27.00 	 2.066973
	 1.56 	 1.27 	 27.04 	 2.058713
	 1.61 	 1.24 	 27.08 	 2.044412
	 1.66 	 1.20 	 27.12 	 2.024038
	 1.70 	 1.17 	 27.16 	 1.997617
	 1.75 	 1.13 	 27.20 	 1.965234
	 1.79 	 1.09 	 27.24 	 1.927022
	 1.83 	 1.05 	 27.28 	 1.883164
	 1.87 	 1.02 	 27.32 	 1.833885
	 1.91 	 0.98 	 27.36 	 1.779448
	 1.95 	 0.94 	 27.40 	 1.720145
	 1.99 	 0.90 	 27.44 	 1.656299
	 2.02 	 0.85 	 27.48 	 1.588253
	 2.05 	 0.81 	 27.52 	 1.516366
	 2.08 	 0.77 	 27.56 	 1.441013
	 2.11 	 0.73 	 27.60 	 1.362573
	 2.14 	 0.68 	 27.64 	 1.281434
	 2.17 	 0.64 	 27.68 	 1.197983
	 2.19 	 0.59 	 27.72 	 1.112603
	 2.21 	 0.55 	 27.76 	 1.025674
	 2.23 	 0.50 	 27.80 	 0.937571
	 2.25 	 0.46 	 27.84 	 0.848657
	 2.27 	 0.41 	 27.88 	 0.759286
	 2.28 	 0.37 	 27.92 	 0.669801
	 2.29 	 0.32 	 27.96 	 0.580532
	 2.30 	 0.27 	 28.00 	 0.491797
	 2.31 	 0.23 	 28.04 	 0.403903
	 2.32 	 0.18 	 28.08 	 0.317143
	 2.33 	 0.13 	 28.12 	 0.231798
	 2.33 	 0.09 	 28.16 	 0.148140
	 2.33 	 0.04 	 28.20 	 0.066427
	 2.33 	 -0.01 	 28.24 	 -0.013089
	 2.33 	 -0.05 	 28.28 	 -0.090166
	 2.32 	 -0.10 	 28.32 	 -0.164572
	 2.32 	 -0.15 	 28.36 	 -0.236079
	 2.31 	 -0.19 	 28.40 	 -0.304466
	 2.30 	 -0.24 	 28.44 	 -0.369518
	 2.29 	 -0.28 	 28.48 	 -0.431023
	 2.28 	 -0.33 	 28.52 	 -0.488775
	 2.26 	 -0.37 	 28.56 	 -0.542571
	 2.25 	 -0.42 	 28.60 	 -0.592211
	 2.23 	 -0.46 	 28.64 	 -0.637501
	 2.21 	 -0.51 	 28.68 	 -0.678248
	 2.18 	 -0.55 	 28.72 	 -0.714268
	 2.16 	 -0.59 	 28.76 	 -0.745380
	 2.14 	 -0.63 	 28.80 	 -0.771411
	 2.11 	 -0.68 	 28.84 	 -0.792200
	 2.08 	 -0.72 	 28.88 	 -0.807592
	 2.05 	 -0.76 	 28.92 	 -0.817449
	 2.02 	 -0.80 	 28.96 	 -0.821646
	 1.98 	 -0.84 	 29.00 	 -0.820079
	 1.95 	 -0.87 	 29.04 	 -0.812661
	 1.91 	 -0.91 	 29.08 	 -0.799334
	 1.87 	 -0.95 	 29.12 	 -0.780062
	 1.84 	 -0.98 	 29.16 	 -0.754843
	 1.79 	 -1.02 	 29.20 	 -0.723707
	 1.75 	 -1.05 	 29.24 	 -0.686720
	 1.71 	 -1.08 	 29.28 	 -0.643989
	 1.66 	 -1.12 	 29.32 	 -0.595659
	 1.62 	 -1.15 	 29.36 	 -0.541924
	 1.57 	 -1.18 	 29.40 	 -0.483019
	 1.52 	 -1.21 	 29.44 	 -0.419228
	 1.47 	 -1.23 	 29.48 	 -0.350884
	 1.42 	 -1.26 	 29.52 	 -0.278366
	 1.37 	 -1.29 	 29.56 	 -0.202100
	 1.32 	 -1.31 	 29.60 	 -0.122560
	 1.27 	 -1.34 	 29.64 	 -0.040261
	 1.21 	 -1.36 	 29.68 	 0.044240
	 1.16 	 -1.38 	 29.72 	 0.130349
	 1.10 	 -1.40 	 29.76 	 0.217440
	 1.04 	 -1.42 	 29.80 	 0.304859
	 0.99 	 -1.44 	 29.84 	 0.391931
	 0.93 	 -1.45 	 29.88 	 0.477968
	 0.87 	 -1.47 	 29.92 	 0.562272
	 0.81 	 -1.48 	 29.96 	 0.644148
	 0.75 	 -1.50 	 30.00 	 0.722908
	 0.69 	 -1.51 	 30.04 	 0.797878
	 0.63 	 -1.52 	 30.08 	 0.868411
	 0.57 	 -1.53 	 30.12 	 0.933893
	 0.51 	 -1.54 	 30.16 	 0.993748
	 0.44 	 -1.55 	 30.20 	 1.047448
	 0.38 	 -1.55 	 30.24 	 1.094521
	 0.32 	 -1.56 	 30.28 	 1.134555
	 0.26 	 -1.56 	 30.32 	 1.167203
	 0.20 	 -1.56 	 30.36 	 1.192192
	 0.13 	 -1.56 	 30.40 	 1.209320
	 0.07 	 -1.56 	 30.44 	 1.218464
	 0.01 	 -1.56 	 30.48 	 1.219577
	 -0.05 	 -1.56 	 30.52 	 1.212693
	 -0.12 	 -1.55 	 30.56 	 1.197922
	 -0.18 	 -1.55 	 30.60 	 1.175451
	 -0.24 	 -1.54 	 30.64 	 1.145538
	 -0.30 	 -1.53 	 30.68 	 1.108511
	 -0.36 	 -1.52 	 30.72 	 1.064762
	 -0.42 	 -1.51 	 30.76 	 1.014741
	 -0.48 	 -1.50 	 30.80 	 0.958948
	 -0.54 	 -1.49 	 30.84 	 0.897930
	 -0.60 	 -1.48 	 30.88 	 0.832272
	 -0.66 	 -1.46 	 30.92 	 0.762586
	 -0.72 	 -1.44 	 30.96 	 0.689508
	 -0.77 	 -1.43 	 31.00 	 0.613688
	 -0.83 	 -1.41 	 31.04 	 0.535784
	 -0.89 	 -1.39 	 31.08 	 0.456452
	 -0.94 	 -1.37 	 31.12 	 0.376340
	 -1.00 	 -1.35 	 31.16 	 0.296084
	 -1.05 	 -1.32 	 31.20 	 0.216297
	 -1.10 	 -1.30 	 31.24 	 0.137569
	 -1.15 	 -1.28 	 31.28 	 0.060460
	 -1.20 	 -1.25 	 31.32 	 -0.014508
	 -1.25 	 -1.22 	 31.36 	 -0.086845
	 -1.30 	 -1.20 	 31.40 	 -0.156105
	 -1.34 	 -1.17 	 31.44 	 -0.221882
	 -1.39 	 -1.14 	 31.48 	 -0.283813
	 -1.43 	 -1.11 	 31.52 	 -0.341581
	 -1.48 	 -1.08 	 31.56 	 -0.394910
	 -1.52 	 -1.05 	 31.60 	 -0.443567
	 -1.56 	 -1.01 	 31.64 	 -0.487363
	 -1.60 	 -0.98 	 31.68 	 -0.526148
	 -1.64 	 -0.95 	 31.72 	 -0.559810
	 -1.67 	 -0.91 	 31.76 	 -0.588276
	 -1.71 	 -0.88 	 31.80 	 -0.611505
	 -1.74 	 -0.84 	 31.84 	 -0.629488
	 -1.77 	 -0.80 	 31.88 	 -0.642246
	 -1.81 	 -0.77 	 31.92 	 -0.649827
	 -1.83 	 -0.73 	 31.96 	 -0.652302
	 -1.86 	 -0.69 	 32.00 	 -0.649764
	 -1.89 	 -0.65 	 32.04 	 -0.642325
	 -1.91 	 -0.61 	 32.08 	 -0.630114
	 -1.94 	 -0.57 	 32.12 	 -0.613276
	 -1.96 	 -0.53 	 32.16 	 -0.591967
	 -1.98 	 -0.49 	 32.20 	 -0.566354
	 -2.00 	 -0.45 	 32.24 	 -0.536617
	 -2.01 	 -0.41 	 32.28 	 -0.502941
	 -2.03 	 -0.37 	 32.32 	 -0.465519
	 -2.04 	 -0.33 	 32.36 	 -0.424550
	 -2.05 	 -0.29 	 32.40 	 -0.380241
	 -2.06 	 -0.25 	 32.44 	 -0.332801
	 -2.07 	 -0.21 	 32.48 	 -0.282444
	 -2.08 	 -0.16 	 32.52 	 -0.229392
	 -2.08 	 -0.12 	 32.56 	 -0.173866
	 -2.08 	 -0.08 	 32.60 	 -0.116094
	 -2.09 	 -0.04 	 32.64 	 -0.056309
	 -2.09 	 0.00 	 32.68 	 0.005255
	 -2.08 	 0.05 	 32.72 	 0.068356
	 -2.08 	 0.09 	 32.76 	 0.132751
	 -2.08 	 0.13 	 32.80 	 0.198191
	 -2.07 	 0.17 	 32.84 	 0.264423
	 -2.06 	 0.21 	 32.88 	 0.331190
	 -2.05 	 0.25 	 32.92 	 0.398230
	 -2.04 	 0.29 	 32.96 	 0.465281
	 -2.02 	 0.33 	 33.00 	 0.532073
	 -2.01 	 0.37 	 33.04 	 0.598338
	 -1.99 	 0.41 	 33.08 	 0.663804
	 -1.98 	 0.45 	 33.12 	 0.728199
	 -1.96 	 0.49 	 33.16 	 0.791252
	 -1.94 	 0.53 	 33.20 	 0.852692
	 -1.91 	 0.56 	 33.24 	 0.912254
	 -1.89 	 0.60 	 33.28 	 0.969678
	 -1.86 	 0.64 	 33.32 	 1.024708
	 -1.84 	 0.67 	 33.36 	 1.077100
	 -1.81 	 0.71 	 33.40 	 1.126620
	 -1.78 	 0.74 	 33.44 	 1.173049
	 -1.75 	 0.78 	 33.48 	 1.216180
	 -1.71 	 0.81 	 33.52 	 1.255829
	 -1.68 	 0.84 	 33.56 	 1.291827
	 -1.65 	 0.88 	 33.60 	 1.324033
	 -1.61 	 0.91 	 33.64 	 1.352328
	 -1.57 	 0.94 	 33.68 	 1.376621
	 -1.53 	 0.97 	 33.72 	 1.396849
	 -1.49 	 1.00 	 33.76 	 1.412981
	 -1.45 	 1.02 	 33.80 	 1.425019
	 -1.41 	 1.05 	 33.84 	 1.432996
	 -1.37 	 1.08 	 33.88 	 1.436982
	 -1.32 	 1.10 	 33.92 	 1.437080
	 -1.28 	 1.13 	 33.96 	 1.433427
	 -1.23 	 1.15 	 34.00 	 1.426196
	 -1.18 	 1.17 	 34.04 	 1.415591
	 -1.14 	 1.19 	 34.08 	 1.401850
	 -1.09 	 1.21 	 34.12 	 1.385238
	 -1.04 	 1.23 	 34.16 	 1.366050
	 -0.99 	 1.25 	 34.20 	 1.344603
	 -0.94 	 1.27 	 34.24 	 1.321236
	 -0.89 	 1.29 	 34.28 	 1.296304
	 -0.83 	 1.30 	 34.32 	 1.270178
	 -0.78 	 1.31 	 34.36 	 1.243234
	 -0.73 	 1.33 	 34.40 	 1.215854
	 -0.68 	 1.34 	 34.44 	 1.188419
	 -0.62 	 1.35 	 34.48 	 1.161303
	 -0.57 	 1.36 	 34.52 	 1.134871
	 -0.51 	 1.37 	 34.56 	 1.109470
	 -0.46 	 1.38 	 34.60 	 1.085428
	 -0.40 	 1.38 	 34.64 	 1.063049
	 -0.35 	 1.39 	 34.68 	 1.042607
	 -0.29 	 1.39 	 34.72 	 1.024342
	 -0.24 	 1.39 	 34.76 	 1.008460
	 -0.18 	 1.40 	 34.80 	 0.995128
	 -0.12 	 1.40 	 34.84 	 0.984472
	 -0.07 	 1.40 	 34.88 	 0.976575
	 -0.01 	 1.40 	 34.92 	 0.971478
	 0.04 	 1.39 	 34.96 	 0.969177
	 0.10 	 1.39 	 35.00 	 0.969626
	 0.16 	 1.38 	 35.04 	 0.972736
	 0.21 	 1.38 	 35.08 	 0.978381
	 0.27 	 1.37 	 35.12 	 0.986392
	 0.32 	 1.36 	 35.16 	 0.996569
	 0.37 	 1.35 	 35.20 	 1.008677
	 0.43 	 1.34 	 35.24 	 1.022457
	 0.48 	 1.33 	 35.28 	 1.037621
	 0.53 	 1.32 	 35.32 	 1.053864
	 0.59 	 1.31 	 35.36 	 1.070867
	 0.64 	 1.29 	 35.40 	 1.088296
	 0.69 	 1.28 	 35.44 	 1.105816
	 0.74 	 1.26 	 35.48 	 1.123086
	 0.79 	 1.24 	 35.52 	 1.139772
	 0.84 	 1.23 	 35.56 	 1.155543
	 0.89 	 1.21 	 35.60 	 1.170081
	 0.93 	 1.19 	 35.64 	 1.183085
	 0.98 	 1.17 	 35.68 	 1.194269
	 1.03 	 1.14 	 35.72 	 1.203368
	 1.07 	 1.12 	 35.76 	 1.210144
	 1.12 	 1.10 	 35.80 	 1.214380
	 1.16 	 1.07 	 35.84 	 1.215891
	 1.20 	 1.05 	 35.88 	 1.214516
	 1.24 	 1.02 	 35.92 	 1.210127
	 1.28 	 0.99 	 35.96 	 1.202624
	 1.32 	 0.97 	 36.00 	 1.191937
	 1.36 	 0.94 	 36.04 	 1.178026
	 1.39 	 0.91 	 36.08 	 1.160877
	 1.43 	 0.88 	 36.12 	 1.140507
	 1.46 	 0.85 	 36.16 	 1.116958
	 1.50 	 0.82 	 36.20 	 1.090297
	 1.53 	 0.79 	 36.24 	 1.060613
	 1.56 	 0.76 	 36.28 	 1.028019
	 1.59 	 0.72 	 36.32 	 0.992646
	 1.61 	 0.69 	 36.36 	 0.954642
	 1.64 	 0.66 	 36.40 	 0.914173
	 1.66 	 0.62 	 36.44 	 0.871418
	 1.69 	 0.59 	 36.48 	 0.826565
	 1.71 	 0.55 	 36.52 	 0.779817
	 1.73 	 0.52 	 36.56 	 0.731381
	 1.75 	 0.48 	 36.60 	 0.681472
	 1.77 	 0.45 	 36.64 	 0.630311
	 1.78 	 0.41 	 36.68 	 0.578119
	 1.80 	 0.37 	 36.72 	 0.525124
	 1.81 	 0.34 	 36.76 	 0.471550
	 1.82 	 0.30 	 36.80 	 0.417624
	 1.83 	 0.26 	 36.84 	 0.363571
	 1.84 	 0.22 	 36.88 	 0.309612
	 1.85 	 0.19 	 36.92 	 0.255969
	 1.86 	 0.15 	 36.96 	 0.202857
	 1.86 	 0.11 	 37.00 	 0.150488
	 1.86 	 0.07 	 37.04 	 0.099072
	 1.87 	 0.04 	 37.08 	 0.048811
	 1.87 	 -0.00 	 37.12 	 -0.000098
	 1.86 	 -0.04 	 37.16 	 -0.047460
	 1.86 	 -0.07 	 37.20 	 -0.093089
	 1.86 	 -0.11 	 37.24 	 -0.136804
	 1.85 	 -0.15 	 37.28 	 -0.178429
	 1.84 	 -0.19 	 37.32 	 -0.217798
	 1.84 	 -0.22 	 37.36 	 -0.254747
	 1.82 	 -0.26 	 37.40 	 -0.289122
	 1.81 	 -0.29 	 37.44 	 -0.320777
	 1.80 	 -0.33 	 37.48 	 -0.349572
	 1.79 	 -0.37 	 37.52 	 -0.375378
	 1.77 	 -0.40 	 37.56 	 -0.398072
	 1.75 	 -0.43 	 37.60 	 -0.417545
	 1.73 	 -0.47 	 37.64 	 -0.433694
	 1.71 	 -0.50 	 37.68 	 -0.446431
	 1.69 	 -0.54 	 37.72 	 -0.455678
	 1.67 	 -0.57 	 37.76 	 -0.461373
	 1.64 	 -0.60 	 37.80 	 -0.463464
	 1.62 	 -0.63 	 37.84 	 -0.461919
	 1.59 	 -0.66 	 37.88 	 -0.456719
	 1.57 	 -0.69 	 37.92 	 -0.447863
	 1.54 	 -0.72 	 37.96 	 -0.435369
	 1.51 	 -0.75 	 38.00 	 -0.419274
	 1.47 	 -0.78 	 38.04 	 -0.399636
	 1.44 	 -0.81 	 38.08 	 -0.376532
	 1.41 	 -0.84 	 38.12 	 -0.350062
	 1.37 	 -0.86 	 38.16 	 -0.320349
	 1.34 	 -0.89 	 38.20 	 -0.287537
	 1.30 	 -0.91 	 38.24 	 -0.251794
	 1.26 	 -0.94 	 38.28 	 -0.213311
	 1.23 	 -0.96 	 38.32 	 -0.172300
	 1.19 	 -0.98 	 38.36 	 -0.128995
	 1.15 	 -1.01 	 38.40 	 -0.083653
	 1.11 	 -1.03 	 38.44 	 -0.036549
	 1.06 	 -1.05 	 38.48 	 0.012022
	 1.02 	 -1.07 	 38.52 	 0.061750
	 0.98 	 -1.08 	 38.56 	 0.112307
	 0.93 	 -1.10 	 38.60 	 0.163356
	 0.89 	 -1.12 	 38.64 	 0.214547
	 0.84 	 -1.13 	 38.68 	 0.265523
	 0.80 	 -1.15 	 38.72 	 0.315923
	 0.75 	 -1.16 	 38.76 	 0.365386
	 0.70 	 -1.18 	 38.80 	 0.413550
	 0.66 	 -1.19 	 38.84 	 0.460061
	 0.61 	 -1.20 	 38.88 	 0.504571
	 0.56 	 -1.21 	 38.92 	 0.546747
	 0.51 	 -1.22 	 38.96 	 0.586269
	 0.46 	 -1.22 	 39.00 	 0.622838
	 0.41 	 -1.23 	 39.04 	 0.656175
	 0.36 	 -1.24 	 39.08 	 0.686028
	 0.31 	 -1.24 	 39.12 	 0.712169
	 0.26 	 -1.25 	 39.16 	 0.734405
	 0.21 	 -1.25 	 39.20 	 0.752571
	 0.16 	 -1.25 	 39.24 	 0.766537
	 0.11 	 -1.25 	 39.28 	 0.776210
	 0.06 	 -1.25 	 39.32 	 0.781531
	 0.01 	 -1.25 	 39.36 	 0.782478
	 -0.04 	 -1.25 	 39.40 	 0.779067
	 -0.09 	 -1.24 	 39.44 	 0.771349
	 -0.13 	 -1.24 	 39.48 	 0.759411
	 -0.18 	 -1.23 	 39.52 	 0.743376
	 -0.23 	 -1.23 	 39.56 	 0.723398
	 -0.28 	 -1.22 	 39.60 	 0.699661
	 -0.33 	 -1.21 	 39.64 	 0.672382
	 -0.38 	 -1.20 	 39.68 	 0.641800
	 -0.43 	 -1.19 	 39.72 	 0.608179
	 -0.47 	 -1.18 	 39.76 	 0.571803
	 -0.52 	 -1.17 	 39.80 	 0.532975
	 -0.57 	 -1.16 	 39.84 	 0.492011
	 -0.61 	 -1.14 	 39.88 	 0.449236
	 -0.66 	 -1.13 	 39.92 	 0.404985
	 -0.70 	 -1.11 	 39.96 	 0.359597
	 -0.75 	 -1.10 	 40.00 	 0.313412
	 -0.79 	 -1.08 	 40.04 	 0.266766
	 -0.83 	 -1.06 	 40.08 	 0.219992
	 -0.87 	 -1.04 	 40.12 	 0.173417
	 -0.92 	 -1.03 	 40.16 	 0.127356
	 -0.96 	 -1.00 	 40.20 	 0.082110
	 -0.99 	 -0.98 	 40.24 	 0.037970
	 -1.03 	 -0.96 	 40.28 	 -0.004793
	 -1.07 	 -0.94 	 40.32 	 -0.045922
	 -1.11 	 -0.92 	 40.36 	 -0.085182
	 -1.14 	 -0.89 	 40.40 	 -0.122355
	 -1.18 	 -0.87 	 40.44 	 -0.157246
	 -1.21 	 -0.84 	 40.48 	 -0.189678
	 -1.24 	 -0.82 	 40.52 	 -0.219498
	 -1.28 	 -0.79 	 40.56 	 -0.246571
	 -1.31 	 -0.76 	 40.60 	 -0.270786
	 -1.34 	 -0.73 	 40.64 	 -0.292051
	 -1.36 	 -0.71 	 40.68 	 -0.310293
	 -1.39 	 -0.68 	 40.72 	 -0.325460
	 -1.42 	 -0.65 	 40.76 	 -0.337519
	 -1.44 	 -0.62 	 40.80 	 -0.346455
	 -1.47 	 -0.59 	 40.84 	 -0.352269
	 -1.49 	 -0.56 	 40.88 	 -0.354979
	 -1.51 	 -0.53 	 40.92 	 -0.354617
	 -1.53 	 -0.50 	 40.96 	 -0.351231
	 -1.55 	 -0.46 	 41.00 	 -0.344881
	 -1.56 	 -0.43 	 41.04 	 -0.335641
	 -1.58 	 -0.40 	 41.08 	 -0.323594
	 -1.60 	 -0.37 	 41.12 	 -0.308836
	 -1.61 	 -0.34 	 41.16 	 -0.291470
	 -1.62 	 -0.30 	 41.20 	 -0.271612
	 -1.63 	 -0.27 	 41.24 	 -0.249382
	 -1.64 	 -0.24 	 41.28 	 -0.224909
	 -1.65 	 -0.20 	 41.32 	 -0.198330
	 -1.66 	 -0.17 	 41.36 	 -0.169787
	 -1.66 	 -0.14 	 41.40 	 -0.139427
	 -1.67 	 -0.10 	 41.44 	 -0.107404
	 -1.67 	 -0.07 	 41.48 	 -0.073874
	 -1.67 	 -0.04 	 41.52 	 -0.038998
	 -1.67 	 -0.00 	 41.56 	 -0.002941
	 -1.67 	 0.03 	 41.60 	 0.034129
	 -1.67 	 0.06 	 41.64 	 0.072042
	 -1.66 	 0.10 	 41.68 	 0.110627
	 -1.66 	 0.13 	 41.72 	 0.149709
	 -1.65 	 0.16 	 41.76 	 0.189114
	 -1.64 	 0.20 	 41.80 	 0.228668
	 -1.63 	 0.23 	 41.84 	 0.268197
	 -1.62 	 0.26 	 41.88 	 0.307526
	 -1.61 	 0.29 	 41.92 	 0.346484
	 -1.60 	 0.32 	 41.96 	 0.384902
	 -1.58 	 0.36 	 42.00 	 0.422613
	 -1.57 	 0.39 	 42.04 	 0.459455
	 -1.55 	 0.42 	 42.08 	 0.495270
	 -1.53 	 0.45 	 42.12 	 0.529906
	 -1.52 	 0.48 	 42.16 	 0.563218
	 -1.49 	 0.51 	 42.20 	 0.595070
	 -1.47 	 0.54 	 42.24 	 0.625330
	 -1.45 	 0.56 	 42.28 	 0.653882
	 -1.43 	 0.59 	 42.32 	 0.680615
	 -1.40 	 0.62 	 42.36 	 0.705431
	 -1.38 	 0.65 	 42.40 	 0.728247
	 -1.35 	 0.67 	 42.44 	 0.748990
	 -1.32 	 0.70 	 42.48 	 0.767602
	 -1.29 	 0.72 	 42.52 	 0.784041
	 -1.26 	 0.75 	 42.56 	 0.798278
	 -1.23 	 0.77 	 42.60 	 0.810302
	 -1.20 	 0.79 	 42.64 	 0.820118
	 -1.17 	 0.82 	 42.68 	 0.827746
	 -1.13 	 0.84 	 42.72 	 0.833225
	 -1.10 	 0.86 	 42.76 	 0.836607
	 -1.06 	 0.88 	 42.80 	 0.837964
	 -1.03 	 0.90 	 42.84 	 0.837382
	 -0.99 	 0.92 	 42.88 	 0.834962
	 -0.95 	 0.94 	 42.92 	 0.830820
	 -0.92 	 0.95 	 42.96 	 0.825084
	 -0.88 	 0.97 	 43.00 	 0.817897
	 -0.84 	 0.98 	 43.04 	 0.809410
	 -0.80 	 1.00 	 43.08 	 0.799784
	 -0.76 	 1.01 	 43.12 	 0.789190
	 -0.72 	 1.03 	 43.16 	 0.777801
	 -0.68 	 1.04 	 43.20 	 0.765797
	 -0.63 	 1.05 	 43.24 	 0.753359
	 -0.59 	 1.06 	 43.28 	 0.740667
	 -0.55 	 1.07 	 43.32 	 0.727901
	 -0.50 	 1.08 	 43.36 	 0.715234
	 -0.46 	 1.09 	 43.40 	 0.702837
	 -0.42 	 1.09 	 43.44 	 0.690868
	 -0.37 	 1.10 	 43.48 	 0.679478
	 -0.33 	 1.11 	 43.52 	 0.668805
	 -0.28 	 1.11 	 43.56 	 0.658974
	 -0.24 	 1.11 	 43.60 	 0.650094
	 -0.20 	 1.12 	 43.64 	 0.642259
	 -0.15 	 1.12 	 43.68 	 0.635546
	 -0.11 	 1.12 	 43.72 	 0.630011
	 -0.06 	 1.12 	 43.76 	 0.625695
	 -0.02 	 1.12 	 43.80 	 0.622617
	 0.03 	 1.12 	 43.84 	 0.620779
	 0.07 	 1.11 	 43.88 	 0.620162
	 0.12 	 1.11 	 43.92 	 0.620729
	 0.16 	 1.10 	 43.96 	 0.622427
	 0.21 	 1.10 	 44.00 	 0.625183
	 0.25 	 1.09 	 44.04 	 0.628909
	 0.29 	 1.09 	 44.08 	 0.633504
	 0.34 	 1.08 	 44.12 	 0.638852
	 0.38 	 1.07 	 44.16 	 0.644825
	 0.42 	 1.06 	 44.20 	 0.651287
	 0.46 	 1.05 	 44.24 	 0.658092
	 0.50 	 1.04 	 44.28 	 0.665089
	 0.54 	 1.03 	 44.32 	 0.672122
	 0.59 	 1.01 	 44.36 	 0.679034
	 0.63 	 1.00 	 44.40 	 0.685666
	 0.66 	 0.98 	 44.44 	 0.691862
	 0.70 	 0.97 	 44.48 	 0.697467
	 0.74 	 0.95 	 44.52 	 0.702333
	 0.78 	 0.94 	 44.56 	 0.706318
	 0.82 	 0.92 	 44.60 	 0.709288
	 0.85 	 0.90 	 44.64 	 0.711117
	 0.89 	 0.88 	 44.68 	 0.711692
	 0.92 	 0.86 	 44.72 	 0.710909
	 0.96 	 0.84 	 44.76 	 0.708679
	 0.99 	 0.82 	 44.80 	 0.704923
	 1.02 	 0.80 	 44.84 	 0.699578
	 1.05 	 0.78 	 44.88 	 0.692593
	 1.08 	 0.76 	 44.92 	 0.683934
	 1.11 	 0.73 	 44.96 	 0.673577
	 1.14 	 0.71 	 45.00 	 0.661515
	 1.17 	 0.68 	 45.04 	 0.647755
	 1.19 	 0.66 	 45.08 	 0.632315
	 1.22 	 0.63 	 45.12 	 0.615227
	 1.24 	 0.61 	 45.16 	 0.596537
	 1.27 	 0.58 	 45.20 	 0.576301
	 1.29 	 0.56 	 45.24 	 0.554586
	 1.31 	 0.53 	 45.28 	 0.531470
	 1.33 	 0.50 	 45.32 	 0.507040
	 1.35 	 0.47 	 45.36 	 0.481393
	 1.37 	 0.45 	 45.40 	 0.454632
	 1.38 	 0.42 	 45.44 	 0.426869
	 1.40 	 0.39 	 45.48 	 0.398218
	 1.41 	 0.36 	 45.52 	 0.368804
	 1.43 	 0.33 	 45.56 	 0.338753
	 1.44 	 0.30 	 45.60 	 0.308194
	 1.45 	 0.27 	 45.64 	 0.277261
	 1.46 	 0.24 	 45.68 	 0.246089
	 1.47 	 0.21 	 45.72 	 0.214814
	 1.48 	 0.18 	 45.76 	 0.183575
	 1.48 	 0.15 	 45.80 	 0.152508
	 1.49 	 0.12 	 45.84 	 0.121750
	 1.49 	 0.09 	 45.88 	 0.091437
	 1.49 	 0.06 	 45.92 	 0.061703
	 1.49 	 0.03 	 45.96 	 0.032679
	 1.49 	 0.00 	 46.00 	 0.004495
	 1.49 	 -0.03 	 46.04 	 -0.022724
	 1.49 	 -0.05 	 46.08 	 -0.048855
	 1.49 	 -0.08 	 46.12 	 -0.073781
	 1.48 	 -0.11 	 46.16 	 -0.097388
	 1.48 	 -0.14 	 46.20 	 -0.119568
	 1.47 	 -0.17 	 46.24 	 -0.140218
	 1.46 	 -0.20 	 46.28 	 -0.159242
	 1.45 	 -0.23 	 46.32 	 -0.176549
	 1.44 	 -0.26 	 46.36 	 -0.192055
	 1.43 	 -0.29 	 46.40 	 -0.205684
	 1.42 	 -0.32 	 46.44 	 -0.217366
	 1.40 	 -0.34 	 46.48 	 -0.227043
	 1.39 	 -0.37 	 46.52 	 -0.234661
	 1.37 	 -0.40 	 46.56 	 -0.240177
	 1.36 	 -0.42 	 46.60 	 -0.243558
	 1.34 	 -0.45 	 46.64 	 -0.244781
	 1.32 	 -0.48 	 46.68 	 -0.243832
	 1.30 	 -0.50 	 46.72 	 -0.240708
	 1.28 	 -0.53 	 46.76 	 -0.235417
	 1.26 	 -0.55 	 46.80 	 -0.227981
	 1.23 	 -0.58 	 46.84 	 -0.218429
	 1.21 	 -0.60 	 46.88 	 -0.206805
	 1.18 	 -0.62 	 46.92 	 -0.193164
	 1.16 	 -0.64 	 46.96 	 -0.177573
	 1.13 	 -0.67 	 47.00 	 -0.160113
	 1.10 	 -0.69 	 47.04 	 -0.140873
	 1.08 	 -0.71 	 47.08 	 -0.119957
	 1.05 	 -0.73 	 47.12 	 -0.097480
	 1.02 	 -0.75 	 47.16 	 -0.073568
	 0.99 	 -0.77 	 47.20 	 -0.048357
	 0.96 	 -0.79 	 47.24 	 -0.021994
	 0.92 	 -0.80 	 47.28 	 0.005364
	 0.89 	 -0.82 	 47.32 	 0.033553
	 0.86 	 -0.84 	 47.36 	 0.062400
	 0.82 	 -0.85 	 47.40 	 0.091727
	 0.79 	 -0.87 	 47.44 	 0.121348
	 0.75 	 -0.88 	 47.48 	 0.151075
	 0.72 	 -0.89 	 47.52 	 0.180716
	 0.68 	 -0.91 	 47.56 	 0.210079
	 0.64 	 -0.92 	 47.60 	 0.238969
	 0.61 	 -0.93 	 47.64 	 0.267194
	 0.57 	 -0.94 	 47.68 	 0.294567
	 0.53 	 -0.95 	 47.72 	 0.320902
	 0.49 	 -0.96 	 47.76 	 0.346021
	 0.45 	 -0.97 	 47.80 	 0.369753
	 0.42 	 -0.97 	 47.84 	 0.391937
	 0.38 	 -0.98 	 47.88 	 0.412422
	 0.34 	 -0.98 	 47.92 	 0.431067
	 0.30 	 -0.99 	 47.96 	 0.447748
	 0.26 	 -0.99 	 48.00 	 0.462350
	 0.22 	 -1.00 	 48.04 	 0.474779
	 0.18 	 -1.00 	 48.08 	 0.484952
	 0.14 	 -1.00 	 48.12 	 0.492807
	 0.10 	 -1.00 	 48.16 	 0.498295
	 0.06 	 -1.00 	 48.20 	 0.501389
	 0.02 	 -1.00 	 48.24 	 0.502077
	 -0.02 	 -1.00 	 48.28 	 0.500366
	 -0.06 	 -1.00 	 48.32 	 0.496281
	 -0.10 	 -0.99 	 48.36 	 0.489863
	 -0.14 	 -0.99 	 48.40 	 0.481173
	 -0.18 	 -0.98 	 48.44 	 0.470286
	 -0.22 	 -0.98 	 48.48 	 0.457293
	 -0.26 	 -0.97 	 48.52 	 0.442299
	 -0.30 	 -0.97 	 48.56 	 0.425424
	 -0.34 	 -0.96 	 48.60 	 0.406798
	 -0.37 	 -0.95 	 48.64 	 0.386565
	 -0.41 	 -0.94 	 48.68 	 0.364878
	 -0.45 	 -0.93 	 48.72 	 0.341895
	 -0.48 	 -0.92 	 48.76 	 0.317785
	 -0.52 	 -0.91 	 48.80 	 0.292720
	 -0.56 	 -0.89 	 48.84 	 0.266877
	 -0.59 	 -0.88 	 48.88 	 0.240435
	 -0.63 	 -0.87 	 48.92 	 0.213573
	 -0.66 	 -0.85 	 48.96 	 0.186471
	 -0.69 	 -0.84 	 49.00 	 0.159306
	 -0.73 	 -0.82 	 49.04 	 0.132253
	 -0.76 	 -0.81 	 49.08 	 0.105482
	 -0.79 	 -0.79 	 49.12 	 0.079157
	 -0.82 	 -0.77 	 49.16 	 0.053437
	 -0.85 	 -0.75 	 49.20 	 0.028471
	 -0.88 	 -0.74 	 49.24 	 0.004404
	 -0.91 	 -0.72 	 49.28 	 -0.018632
	 -0.94 	 -0.70 	 49.32 	 -0.040512
	 -0.97 	 -0.68 	 49.36 	 -0.061123
	 -0.99 	 -0.66 	 49.40 	 -0.080361
	 -1.02 	 -0.64 	 49.44 	 -0.098132
	 -1.04 	 -0.61 	 49.48 	 -0.114356
	 -1.07 	 -0.59 	 49.52 	 -0.128960
	 -1.09 	 -0.57 	 49.56 	 -0.141885
	 -1.11 	 -0.55 	 49.60 	 -0.153082
	 -1.13 	 -0.52 	 49.64 	 -0.162513
	 -1.15 	 -0.50 	 49.68 	 -0.170151
	 -1.17 	 -0.48 	 49.72 	 -0.175979
	 -1.19 	 -0.45 	 49.76 	 -0.179991
	 -1.21 	 -0.43 	 49.80 	 -0.182188
	 -1.22 	 -0.40 	 49.84 	 -0.182585
	 -1.24 	 -0.38 	 49.88 	 -0.181203
	 -1.25 	 -0.35 	 49.92 	 -0.178073
	 -1.26 	 -0.33 	 49.96 	 -0.173232
	 -1.28 	 -0.30 	 50.00 	 -0.166727
