	 2.00 	 3.00 	 0.00 	 8.748441
	 2.12 	 2.96 	 0.04 	 8.881903
	 2.24 	 2.92 	 0.08 	 8.972685
	 2.35 	 2.87 	 0.12 	 9.018684
	 2.46 	 2.83 	 0.16 	 9.018838
	 2.57 	 2.78 	 0.20 	 8.973080
	 2.68 	 2.73 	 0.24 	 8.882275
	 2.79 	 2.67 	 0.28 	 8.748130
	 2.89 	 2.62 	 0.32 	 8.573083
	 3.00 	 2.56 	 0.36 	 8.360195
	 3.10 	 2.50 	 0.40 	 8.113016
	 3.19 	 2.44 	 0.44 	 7.835466
	 3.29 	 2.37 	 0.48 	 7.531709
	 3.38 	 2.31 	 0.52 	 7.206037
	 3.47 	 2.24 	 0.56 	 6.862765
	 3.56 	 2.17 	 0.60 	 6.506133
	 3.64 	 2.10 	 0.64 	 6.140228
	 3.72 	 2.03 	 0.68 	 5.768912
	 3.80 	 1.95 	 0.72 	 5.395773
	 3.88 	 1.87 	 0.76 	 5.024082
	 3.95 	 1.80 	 0.80 	 4.656771
	 4.02 	 1.72 	 0.84 	 4.296416
	 4.08 	 1.64 	 0.88 	 3.945235
	 4.14 	 1.56 	 0.92 	 3.605093
	 4.20 	 1.47 	 0.96 	 3.277517
	 4.26 	 1.39 	 1.00 	 2.963711
	 4.31 	 1.30 	 1.04 	 2.664585
	 4.36 	 1.22 	 1.08 	 2.380774
	 4.40 	 1.13 	 1.12 	 2.112669
	 4.45 	 1.04 	 1.16 	 1.860444
	 4.48 	 0.95 	 1.20 	 1.624083
	 4.52 	 0.86 	 1.24 	 1.403402
	 4.55 	 0.77 	 1.28 	 1.198077
	 4.58 	 0.68 	 1.32 	 1.007663
	 4.60 	 0.59 	 1.36 	 0.831609
	 4.62 	 0.50 	 1.40 	 0.669282
	 4.64 	 0.41 	 1.44 	 0.519973
	 4.65 	 0.31 	 1.48 	 0.382913
	 4.66 	 0.22 	 1.52 	 0.257278
	 4.66 	 0.13 	 1.56 	 0.142200
	 4.67 	 0.03 	 1.60 	 0.036775
	 4.66 	 -0.06 	 1.64 	 -0.059940
	 4.66 	 -0.15 	 1.68 	 -0.148910
	 4.65 	 -0.25 	 1.72 	 -0.231128
	 4.63 	 -0.34 	 1.76 	 -0.307601
	 4.62 	 -0.43 	 1.80 	 -0.379348
	 4.60 	 -0.52 	 1.84 	 -0.447390
	 4.57 	 -0.61 	 1.88 	 -0.512738
	 4.54 	 -0.71 	 1.92 	 -0.576383
	 4.51 	 -0.80 	 1.96 	 -0.639281
	 4.48 	 -0.89 	 2.00 	 -0.702333
	 4.44 	 -0.98 	 2.04 	 -0.766367
	 4.39 	 -1.07 	 2.08 	 -0.832114
	 4.35 	 -1.15 	 2.12 	 -0.900181
	 4.30 	 -1.24 	 2.16 	 -0.971027
	 4.24 	 -1.33 	 2.20 	 -1.044930
	 4.19 	 -1.41 	 2.24 	 -1.121959
	 4.13 	 -1.50 	 2.28 	 -1.201948
	 4.07 	 -1.58 	 2.32 	 -1.284460
	 4.00 	 -1.66 	 2.36 	 -1.368769
	 3.93 	 -1.74 	 2.40 	 -1.453837
	 3.86 	 -1.82 	 2.44 	 -1.538296
	 3.78 	 -1.89 	 2.48 	 -1.620446
	 3.70 	 -1.97 	 2.52 	 -1.698248
	 3.62 	 -2.04 	 2.56 	 -1.769347
	 3.54 	 -2.12 	 2.60 	 -1.831087
	 3.45 	 -2.19 	 2.64 	 -1.880554
	 3.36 	 -2.26 	 2.68 	 -1.914629
	 3.26 	 -2.32 	 2.72 	 -1.930048
	 3.17 	 -2.39 	 2.76 	 -1.923492
	 3.07 	 -2.45 	 2.80 	 -1.891671
	 2.97 	 -2.51 	 2.84 	 -1.831437
	 2.87 	 -2.57 	 2.88 	 -1.739893
	 2.76 	 -2.63 	 2.92 	 -1.614518
	 2.66 	 -2.69 	 2.96 	 -1.453285
	 2.55 	 -2.74 	 3.00 	 -1.254786
	 2.43 	 -2.79 	 3.04 	 -1.018344
	 2.32 	 -2.84 	 3.08 	 -0.744111
	 2.20 	 -2.88 	 3.12 	 -0.433158
	 2.09 	 -2.93 	 3.16 	 -0.087529
	 1.97 	 -2.97 	 3.20 	 0.289717
	 1.85 	 -3.01 	 3.24 	 0.694513
	 1.73 	 -3.05 	 3.28 	 1.121805
	 1.60 	 -3.08 	 3.32 	 1.565626
	 1.48 	 -3.11 	 3.36 	 2.019196
	 1.35 	 -3.14 	 3.40 	 2.475059
	 1.23 	 -3.17 	 3.44 	 2.925254
	 1.10 	 -3.19 	 3.48 	 3.361507
	 0.97 	 -3.22 	 3.52 	 3.775454
	 0.84 	 -3.24 	 3.56 	 4.158867
	 0.71 	 -3.25 	 3.60 	 4.503896
	 0.58 	 -3.27 	 3.64 	 4.803297
	 0.45 	 -3.28 	 3.68 	 5.050658
	 0.32 	 -3.29 	 3.72 	 5.240598
	 0.19 	 -3.29 	 3.76 	 5.368938
	 0.05 	 -3.30 	 3.80 	 5.432833
	 -0.08 	 -3.30 	 3.84 	 5.430868
	 -0.21 	 -3.30 	 3.88 	 5.363103
	 -0.34 	 -3.29 	 3.92 	 5.231068
	 -0.47 	 -3.29 	 3.96 	 5.037718
	 -0.60 	 -3.28 	 4.00 	 4.787331
	 -0.74 	 -3.26 	 4.04 	 4.485377
	 -0.87 	 -3.25 	 4.08 	 4.138339
	 -0.99 	 -3.23 	 4.12 	 3.753511
	 -1.12 	 -3.21 	 4.16 	 3.338781
	 -1.25 	 -3.19 	 4.20 	 2.902389
	 -1.38 	 -3.17 	 4.24 	 2.452695
	 -1.50 	 -3.14 	 4.28 	 1.997947
	 -1.63 	 -3.11 	 4.32 	 1.546067
	 -1.75 	 -3.08 	 4.36 	 1.104455
	 -1.87 	 -3.04 	 4.40 	 0.679823
	 -1.99 	 -3.00 	 4.44 	 0.278062
	 -2.11 	 -2.96 	 4.48 	 -0.095860
	 -2.23 	 -2.92 	 4.52 	 -0.437961
	 -2.34 	 -2.88 	 4.56 	 -0.745273
	 -2.46 	 -2.83 	 4.60 	 -1.015835
	 -2.57 	 -2.78 	 4.64 	 -1.248660
	 -2.68 	 -2.73 	 4.68 	 -1.443672
	 -2.78 	 -2.68 	 4.72 	 -1.601616
	 -2.89 	 -2.62 	 4.76 	 -1.723962
	 -2.99 	 -2.56 	 4.80 	 -1.812787
	 -3.09 	 -2.50 	 4.84 	 -1.870654
	 -3.19 	 -2.44 	 4.88 	 -1.900495
	 -3.28 	 -2.38 	 4.92 	 -1.905481
	 -3.38 	 -2.31 	 4.96 	 -1.888919
	 -3.46 	 -2.24 	 5.00 	 -1.854139
	 -3.55 	 -2.17 	 5.04 	 -1.804408
	 -3.64 	 -2.10 	 5.08 	 -1.742843
	 -3.72 	 -2.03 	 5.12 	 -1.672353
	 -3.80 	 -1.96 	 5.16 	 -1.595584
	 -3.87 	 -1.88 	 5.20 	 -1.514883
	 -3.94 	 -1.80 	 5.24 	 -1.432272
	 -4.01 	 -1.72 	 5.28 	 -1.349440
	 -4.08 	 -1.64 	 5.32 	 -1.267741
	 -4.14 	 -1.56 	 5.36 	 -1.188198
	 -4.20 	 -1.48 	 5.40 	 -1.111524
	 -4.25 	 -1.40 	 5.44 	 -1.038141
	 -4.31 	 -1.31 	 5.48 	 -0.968204
	 -4.36 	 -1.22 	 5.52 	 -0.901629
	 -4.40 	 -1.14 	 5.56 	 -0.838127
	 -4.44 	 -1.05 	 5.60 	 -0.777225
	 -4.48 	 -0.96 	 5.64 	 -0.718305
	 -4.52 	 -0.87 	 5.68 	 -0.660623
	 -4.55 	 -0.78 	 5.72 	 -0.603338
	 -4.58 	 -0.69 	 5.76 	 -0.545535
	 -4.60 	 -0.60 	 5.80 	 -0.486244
	 -4.62 	 -0.51 	 5.84 	 -0.424460
	 -4.64 	 -0.41 	 5.88 	 -0.359154
	 -4.65 	 -0.32 	 5.92 	 -0.289289
	 -4.66 	 -0.23 	 5.96 	 -0.213827
	 -4.66 	 -0.13 	 6.00 	 -0.131741
	 -4.67 	 -0.04 	 6.04 	 -0.042019
	 -4.66 	 0.05 	 6.08 	 0.056328
	 -4.66 	 0.15 	 6.12 	 0.164264
	 -4.65 	 0.24 	 6.16 	 0.282720
	 -4.63 	 0.33 	 6.20 	 0.412586
	 -4.62 	 0.42 	 6.24 	 0.554713
	 -4.60 	 0.52 	 6.28 	 0.709897
	 -4.57 	 0.61 	 6.32 	 0.878871
	 -4.54 	 0.70 	 6.36 	 1.062299
	 -4.51 	 0.79 	 6.40 	 1.260755
	 -4.48 	 0.88 	 6.44 	 1.474712
	 -4.44 	 0.97 	 6.48 	 1.704520
	 -4.40 	 1.06 	 6.52 	 1.950387
	 -4.35 	 1.15 	 6.56 	 2.212353
	 -4.30 	 1.23 	 6.60 	 2.490265
	 -4.25 	 1.32 	 6.64 	 2.783754
	 -4.19 	 1.41 	 6.68 	 3.092201
	 -4.13 	 1.49 	 6.72 	 3.414713
	 -4.07 	 1.57 	 6.76 	 3.750098
	 -4.00 	 1.65 	 6.80 	 4.096842
	 -3.93 	 1.73 	 6.84 	 4.453087
	 -3.86 	 1.81 	 6.88 	 4.816621
	 -3.79 	 1.89 	 6.92 	 5.184873
	 -3.71 	 1.97 	 6.96 	 5.554914
	 -3.63 	 2.04 	 7.00 	 5.923476
	 -3.54 	 2.11 	 7.04 	 6.286971
	 -3.45 	 2.18 	 7.08 	 6.641541
	 -3.36 	 2.25 	 7.12 	 6.983102
	 -3.27 	 2.32 	 7.16 	 7.307421
	 -3.18 	 2.38 	 7.20 	 7.610194
	 -3.08 	 2.45 	 7.24 	 7.887143
	 -2.98 	 2.51 	 7.28 	 8.134122
	 -2.87 	 2.57 	 7.32 	 8.347239
	 -2.77 	 2.63 	 7.36 	 8.522974
	 -2.66 	 2.68 	 7.40 	 8.658309
	 -2.55 	 2.74 	 7.44 	 8.750848
	 -2.44 	 2.79 	 7.48 	 8.798936
	 -2.33 	 2.84 	 7.52 	 8.801766
	 -2.21 	 2.88 	 7.56 	 8.759464
	 -2.10 	 2.93 	 7.60 	 8.673156
	 -1.98 	 2.97 	 7.64 	 8.545007
	 -1.86 	 3.01 	 7.68 	 8.378227
	 -1.74 	 3.04 	 7.72 	 8.177047
	 -1.61 	 3.08 	 7.76 	 7.946655
	 -1.49 	 3.11 	 7.80 	 7.693101
	 -1.36 	 3.14 	 7.84 	 7.423161
	 -1.24 	 3.17 	 7.88 	 7.144172
	 -1.11 	 3.19 	 7.92 	 6.863843
	 -0.98 	 3.22 	 7.96 	 6.590037
	 -0.85 	 3.23 	 8.00 	 6.330544
	 -0.72 	 3.25 	 8.04 	 6.092845
	 -0.59 	 3.27 	 8.08 	 5.883878
	 -0.46 	 3.28 	 8.12 	 5.709820
	 -0.33 	 3.29 	 8.16 	 5.575881
	 -0.19 	 3.29 	 8.20 	 5.486136
	 -0.06 	 3.30 	 8.24 	 5.443385
	 0.07 	 3.30 	 8.28 	 5.449063
	 0.20 	 3.30 	 8.32 	 5.503185
	 0.33 	 3.29 	 8.36 	 5.604348
	 0.46 	 3.29 	 8.40 	 5.749779
	 0.60 	 3.28 	 8.44 	 5.935425
	 0.73 	 3.27 	 8.48 	 6.156088
	 0.86 	 3.25 	 8.52 	 6.405599
	 0.99 	 3.23 	 8.56 	 6.677013
	 1.11 	 3.21 	 8.60 	 6.962833
	 1.24 	 3.19 	 8.64 	 7.255240
	 1.37 	 3.17 	 8.68 	 7.546333
	 1.49 	 3.14 	 8.72 	 7.828354
	 1.62 	 3.11 	 8.76 	 8.093905
	 1.74 	 3.08 	 8.80 	 8.336141
	 1.86 	 3.04 	 8.84 	 8.548941
	 1.98 	 3.01 	 8.88 	 8.727036
	 2.10 	 2.97 	 8.92 	 8.866112
	 2.22 	 2.92 	 8.96 	 8.962878
	 2.33 	 2.88 	 9.00 	 9.015087
	 2.45 	 2.83 	 9.04 	 9.021535
	 2.56 	 2.78 	 9.08 	 8.982025
	 2.67 	 2.73 	 9.12 	 8.897297
	 2.78 	 2.68 	 9.16 	 8.768949
	 2.88 	 2.62 	 9.20 	 8.599327
	 2.98 	 2.57 	 9.24 	 8.391414
	 3.08 	 2.51 	 9.28 	 8.148699
	 3.18 	 2.44 	 9.32 	 7.875061
	 3.28 	 2.38 	 9.36 	 7.574635
	 3.37 	 2.32 	 9.40 	 7.251705
	 3.46 	 2.25 	 9.44 	 6.910586
	 3.55 	 2.18 	 9.48 	 6.555536
	 3.63 	 2.11 	 9.52 	 6.190665
	 3.71 	 2.04 	 9.56 	 5.819871
	 3.79 	 1.96 	 9.60 	 5.446781
	 3.87 	 1.89 	 9.64 	 5.074711
	 3.94 	 1.81 	 9.68 	 4.706641
	 4.01 	 1.73 	 9.72 	 4.345196
	 4.07 	 1.65 	 9.76 	 3.992642
	 4.14 	 1.57 	 9.80 	 3.650894
	 4.20 	 1.48 	 9.84 	 3.321521
	 4.25 	 1.40 	 9.88 	 3.005772
	 4.30 	 1.32 	 9.92 	 2.704595
	 4.35 	 1.23 	 9.96 	 2.418662
	 4.40 	 1.14 	 10.00 	 2.148394
	 4.44 	 1.05 	 10.04 	 1.893995
	 4.48 	 0.97 	 10.08 	 1.655472
	 4.51 	 0.88 	 10.12 	 1.432664
	 4.55 	 0.79 	 10.16 	 1.225263
	 4.57 	 0.70 	 10.20 	 1.032839
	 4.60 	 0.60 	 10.24 	 0.854858
	 4.62 	 0.51 	 10.28 	 0.690694
	 4.64 	 0.42 	 10.32 	 0.539649
	 4.65 	 0.33 	 10.36 	 0.400961
	 4.66 	 0.23 	 10.40 	 0.273814
	 4.66 	 0.14 	 10.44 	 0.157346
	 4.67 	 0.05 	 10.48 	 0.050655
	 4.66 	 -0.05 	 10.52 	 -0.047194
	 4.66 	 -0.14 	 10.56 	 -0.137165
	 4.65 	 -0.23 	 10.60 	 -0.220247
	 4.64 	 -0.33 	 10.64 	 -0.297446
	 4.62 	 -0.42 	 10.68 	 -0.369779
	 4.60 	 -0.51 	 10.72 	 -0.438267
	 4.57 	 -0.60 	 10.76 	 -0.503924
	 4.55 	 -0.69 	 10.80 	 -0.567745
	 4.52 	 -0.78 	 10.84 	 -0.630690
	 4.48 	 -0.88 	 10.88 	 -0.693671
	 4.44 	 -0.96 	 10.92 	 -0.757525
	 4.40 	 -1.05 	 10.96 	 -0.822999
	 4.35 	 -1.14 	 11.00 	 -0.890718
	 4.30 	 -1.23 	 11.04 	 -0.961163
	 4.25 	 -1.31 	 11.08 	 -1.034639
	 4.20 	 -1.40 	 11.12 	 -1.111245
	 4.14 	 -1.48 	 11.16 	 -1.190848
	 4.07 	 -1.57 	 11.20 	 -1.273051
	 4.01 	 -1.65 	 11.24 	 -1.357169
	 3.94 	 -1.73 	 11.28 	 -1.442206
	 3.87 	 -1.81 	 11.32 	 -1.526842
	 3.79 	 -1.88 	 11.36 	 -1.609420
	 3.71 	 -1.96 	 11.40 	 -1.687949
	 3.63 	 -2.03 	 11.44 	 -1.760115
	 3.55 	 -2.11 	 11.48 	 -1.823301
	 3.46 	 -2.18 	 11.52 	 -1.874627
	 3.37 	 -2.25 	 11.56 	 -1.910996
	 3.28 	 -2.31 	 11.60 	 -1.929163
	 3.18 	 -2.38 	 11.64 	 -1.925807
	 3.08 	 -2.44 	 11.68 	 -1.897631
	 2.98 	 -2.51 	 11.72 	 -1.841460
	 2.88 	 -2.57 	 11.76 	 -1.754356
	 2.78 	 -2.62 	 11.80 	 -1.633739
	 2.67 	 -2.68 	 11.84 	 -1.477507
	 2.56 	 -2.73 	 11.88 	 -1.284162
	 2.45 	 -2.78 	 11.92 	 -1.052918
	 2.34 	 -2.83 	 11.96 	 -0.783811
	 2.22 	 -2.88 	 12.00 	 -0.477781
	 2.10 	 -2.92 	 12.04 	 -0.136736
	 1.99 	 -2.97 	 12.08 	 0.236405
	 1.87 	 -3.00 	 12.12 	 0.637710
	 1.74 	 -3.04 	 12.16 	 1.062258
	 1.62 	 -3.08 	 12.20 	 1.504203
	 1.50 	 -3.11 	 12.24 	 1.956866
	 1.37 	 -3.14 	 12.28 	 2.412876
	 1.24 	 -3.17 	 12.32 	 2.864329
	 1.12 	 -3.19 	 12.36 	 3.302983
	 0.99 	 -3.21 	 12.40 	 3.720471
	 0.86 	 -3.23 	 12.44 	 4.108534
	 0.73 	 -3.25 	 12.48 	 4.459255
	 0.60 	 -3.27 	 12.52 	 4.765294
	 0.47 	 -3.28 	 12.56 	 5.020114
	 0.34 	 -3.29 	 12.60 	 5.218181
	 0.20 	 -3.29 	 12.64 	 5.355143
	 0.07 	 -3.30 	 12.68 	 5.427966
	 -0.06 	 -3.30 	 12.72 	 5.435037
	 -0.19 	 -3.30 	 12.76 	 5.376212
	 -0.32 	 -3.29 	 12.80 	 5.252822
	 -0.46 	 -3.29 	 12.84 	 5.067632
	 -0.59 	 -3.28 	 12.88 	 4.824747
	 -0.72 	 -3.27 	 12.92 	 4.529482
	 -0.85 	 -3.25 	 12.96 	 4.188194
	 -0.98 	 -3.24 	 13.00 	 3.808079
	 -1.11 	 -3.22 	 13.04 	 3.396957
	 -1.23 	 -3.19 	 13.08 	 2.963034
	 -1.36 	 -3.17 	 13.12 	 2.514667
	 -1.49 	 -3.14 	 13.16 	 2.060133
	 -1.61 	 -3.11 	 13.20 	 1.607411
	 -1.73 	 -3.08 	 13.24 	 1.163982
	 -1.86 	 -3.05 	 13.28 	 0.736661
	 -1.98 	 -3.01 	 13.32 	 0.331458
	 -2.09 	 -2.97 	 13.36 	 -0.046529
	 -2.21 	 -2.93 	 13.40 	 -0.393179
	 -2.33 	 -2.88 	 13.44 	 -0.705386
	 -2.44 	 -2.84 	 13.48 	 -0.981053
	 -2.55 	 -2.79 	 13.52 	 -1.219063
	 -2.66 	 -2.74 	 13.56 	 -1.419218
	 -2.77 	 -2.68 	 13.60 	 -1.582159
	 -2.87 	 -2.63 	 13.64 	 -1.709263
	 -2.98 	 -2.57 	 13.68 	 -1.802529
	 -3.08 	 -2.51 	 13.72 	 -1.864464
	 -3.17 	 -2.45 	 13.76 	 -1.897954
	 -3.27 	 -2.39 	 13.80 	 -1.906146
	 -3.36 	 -2.32 	 13.84 	 -1.892333
	 -3.45 	 -2.25 	 13.88 	 -1.859850
	 -3.54 	 -2.18 	 13.92 	 -1.811974
	 -3.62 	 -2.11 	 13.96 	 -1.751851
	 -3.71 	 -2.04 	 14.00 	 -1.682419
	 -3.78 	 -1.97 	 14.04 	 -1.606363
	 -3.86 	 -1.89 	 14.08 	 -1.526073
	 -3.93 	 -1.81 	 14.12 	 -1.443616
	 -4.00 	 -1.73 	 14.16 	 -1.360727
	 -4.07 	 -1.65 	 14.20 	 -1.278805
	 -4.13 	 -1.57 	 14.24 	 -1.198918
	 -4.19 	 -1.49 	 14.28 	 -1.121821
	 -4.25 	 -1.41 	 14.32 	 -1.047973
	 -4.30 	 -1.32 	 14.36 	 -0.977565
	 -4.35 	 -1.24 	 14.40 	 -0.910543
	 -4.40 	 -1.15 	 14.44 	 -0.846644
	 -4.44 	 -1.06 	 14.48 	 -0.785421
	 -4.48 	 -0.97 	 14.52 	 -0.726271
	 -4.51 	 -0.88 	 14.56 	 -0.668467
	 -4.54 	 -0.79 	 14.60 	 -0.611180
	 -4.57 	 -0.70 	 14.64 	 -0.553504
	 -4.60 	 -0.61 	 14.68 	 -0.494476
	 -4.62 	 -0.52 	 14.72 	 -0.433093
	 -4.63 	 -0.43 	 14.76 	 -0.368330
	 -4.65 	 -0.33 	 14.80 	 -0.299150
	 -4.66 	 -0.24 	 14.84 	 -0.224514
	 -4.66 	 -0.15 	 14.88 	 -0.143394
	 -4.67 	 -0.05 	 14.92 	 -0.054775
	 -4.66 	 0.04 	 14.96 	 0.042335
	 -4.66 	 0.13 	 15.00 	 0.148905
	 -4.65 	 0.23 	 15.04 	 0.265868
	 -4.64 	 0.32 	 15.08 	 0.394123
	 -4.62 	 0.41 	 15.12 	 0.534525
	 -4.60 	 0.50 	 15.16 	 0.687879
	 -4.58 	 0.60 	 15.20 	 0.854926
	 -4.55 	 0.69 	 15.24 	 1.036342
	 -4.52 	 0.78 	 15.28 	 1.232713
	 -4.48 	 0.87 	 15.32 	 1.444526
	 -4.44 	 0.96 	 15.36 	 1.672151
	 -4.40 	 1.05 	 15.40 	 1.915816
	 -4.36 	 1.14 	 15.44 	 2.175584
	 -4.31 	 1.22 	 15.48 	 2.451333
	 -4.26 	 1.31 	 15.52 	 2.742723
	 -4.20 	 1.39 	 15.56 	 3.049170
	 -4.14 	 1.48 	 15.60 	 3.369822
	 -4.08 	 1.56 	 15.64 	 3.703529
	 -4.01 	 1.64 	 15.68 	 4.048822
	 -3.94 	 1.72 	 15.72 	 4.403890
	 -3.87 	 1.80 	 15.76 	 4.766571
	 -3.80 	 1.88 	 15.80 	 5.134343
	 -3.72 	 1.95 	 15.84 	 5.504325
	 -3.64 	 2.03 	 15.88 	 5.873294
	 -3.55 	 2.10 	 15.92 	 6.237704
	 -3.47 	 2.17 	 15.96 	 6.593731
	 -3.38 	 2.24 	 16.00 	 6.937318
	 -3.28 	 2.31 	 16.04 	 7.264249
	 -3.19 	 2.38 	 16.08 	 7.570222
	 -3.09 	 2.44 	 16.12 	 7.850950
	 -2.99 	 2.50 	 16.16 	 8.102264
	 -2.89 	 2.56 	 16.20 	 8.320229
	 -2.78 	 2.62 	 16.24 	 8.501267
	 -2.68 	 2.67 	 16.28 	 8.642283
	 -2.57 	 2.73 	 16.32 	 8.740789
	 -2.46 	 2.78 	 16.36 	 8.795023
	 -2.34 	 2.83 	 16.40 	 8.804056
	 -2.23 	 2.88 	 16.44 	 8.767882
	 -2.11 	 2.92 	 16.48 	 8.687487
	 -1.99 	 2.96 	 16.52 	 8.564893
	 -1.87 	 3.00 	 16.56 	 8.403168
	 -1.75 	 3.04 	 16.60 	 8.206406
	 -1.63 	 3.07 	 16.64 	 7.979670
	 -1.50 	 3.11 	 16.68 	 7.728898
	 -1.38 	 3.14 	 16.72 	 7.460776
	 -1.25 	 3.16 	 16.76 	 7.182576
	 -1.12 	 3.19 	 16.80 	 6.901967
	 -1.00 	 3.21 	 16.84 	 6.626805
	 -0.87 	 3.23 	 16.88 	 6.364904
	 -0.74 	 3.25 	 16.92 	 6.123801
	 -0.61 	 3.26 	 16.96 	 5.910521
	 -0.48 	 3.28 	 17.00 	 5.731358
	 -0.34 	 3.29 	 17.04 	 5.591666
	 -0.21 	 3.29 	 17.08 	 5.495683
	 -0.08 	 3.30 	 17.12 	 5.446390
	 0.05 	 3.30 	 17.16 	 5.445413
	 0.18 	 3.30 	 17.20 	 5.492962
	 0.32 	 3.29 	 17.24 	 5.587826
	 0.45 	 3.29 	 17.28 	 5.727416
	 0.58 	 3.28 	 17.32 	 5.907845
	 0.71 	 3.27 	 17.36 	 6.124065
	 0.84 	 3.25 	 17.40 	 6.370026
	 0.97 	 3.24 	 17.44 	 6.638877
	 1.10 	 3.22 	 17.48 	 6.923184
	 1.22 	 3.20 	 17.52 	 7.215157
	 1.35 	 3.17 	 17.56 	 7.506893
	 1.48 	 3.14 	 17.60 	 7.790602
	 1.60 	 3.11 	 17.64 	 8.058823
	 1.73 	 3.08 	 17.68 	 8.304626
	 1.85 	 3.05 	 17.72 	 8.521783
	 1.97 	 3.01 	 17.76 	 8.704899
	 2.09 	 2.97 	 17.80 	 8.849529
	 2.20 	 2.93 	 17.84 	 8.952237
	 2.32 	 2.89 	 17.88 	 9.010633
	 2.43 	 2.84 	 17.92 	 9.023372
	 2.54 	 2.79 	 17.96 	 8.990122
	 2.65 	 2.74 	 18.00 	 8.911501
	 2.76 	 2.69 	 18.04 	 8.788995
	 2.87 	 2.63 	 18.08 	 8.624854
	 2.97 	 2.57 	 18.12 	 8.421981
	 3.07 	 2.51 	 18.16 	 8.183804
	 3.17 	 2.45 	 18.20 	 7.914154
	 3.26 	 2.39 	 18.24 	 7.617141
	 3.36 	 2.32 	 18.28 	 7.297033
	 3.45 	 2.26 	 18.32 	 6.958148
	 3.53 	 2.19 	 18.36 	 6.604756
	 3.62 	 2.12 	 18.40 	 6.240993
	 3.70 	 2.05 	 18.44 	 5.870788
	 3.78 	 1.97 	 18.48 	 5.497808
	 3.86 	 1.90 	 18.52 	 5.125415
	 3.93 	 1.82 	 18.56 	 4.756635
	 4.00 	 1.74 	 18.60 	 4.394143
	 4.06 	 1.66 	 18.64 	 4.040253
	 4.13 	 1.58 	 18.68 	 3.696926
	 4.19 	 1.50 	 18.72 	 3.365780
	 4.24 	 1.41 	 18.76 	 3.048107
	 4.30 	 1.33 	 18.80 	 2.744892
	 4.35 	 1.24 	 18.84 	 2.456843
	 4.39 	 1.15 	 18.88 	 2.184417
	 4.44 	 1.07 	 18.92 	 1.927844
	 4.47 	 0.98 	 18.96 	 1.687156
	 4.51 	 0.89 	 19.00 	 1.462213
	 4.54 	 0.80 	 19.04 	 1.252728
	 4.57 	 0.71 	 19.08 	 1.058286
	 4.59 	 0.62 	 19.12 	 0.878365
	 4.62 	 0.52 	 19.16 	 0.712351
	 4.63 	 0.43 	 19.20 	 0.559556
	 4.65 	 0.34 	 19.24 	 0.419226
	 4.66 	 0.25 	 19.28 	 0.290550
	 4.66 	 0.15 	 19.32 	 0.172674
	 4.67 	 0.06 	 19.36 	 0.064701
	 4.66 	 -0.03 	 19.40 	 -0.034300
	 4.66 	 -0.13 	 19.44 	 -0.125291
	 4.65 	 -0.22 	 19.48 	 -0.209256
	 4.64 	 -0.31 	 19.52 	 -0.287199
	 4.62 	 -0.41 	 19.56 	 -0.360138
	 4.60 	 -0.50 	 19.60 	 -0.429091
	 4.58 	 -0.59 	 19.64 	 -0.495076
	 4.55 	 -0.68 	 19.68 	 -0.559091
	 4.52 	 -0.77 	 19.72 	 -0.622101
	 4.49 	 -0.86 	 19.76 	 -0.685025
	 4.45 	 -0.95 	 19.80 	 -0.748714
	 4.41 	 -1.04 	 19.84 	 -0.813926
	 4.36 	 -1.13 	 19.88 	 -0.881306
	 4.31 	 -1.22 	 19.92 	 -0.951356
	 4.26 	 -1.30 	 19.96 	 -1.024407
	 4.20 	 -1.39 	 20.00 	 -1.100587
	 4.14 	 -1.47 	 20.04 	 -1.179798
	 4.08 	 -1.56 	 20.08 	 -1.261679
	 4.02 	 -1.64 	 20.12 	 -1.345587
	 3.95 	 -1.72 	 20.16 	 -1.430569
	 3.88 	 -1.80 	 20.20 	 -1.515350
	 3.80 	 -1.87 	 20.24 	 -1.598319
	 3.72 	 -1.95 	 20.28 	 -1.677531
	 3.64 	 -2.02 	 20.32 	 -1.750715
	 3.56 	 -2.10 	 20.36 	 -1.815294
	 3.47 	 -2.17 	 20.40 	 -1.868420
	 3.38 	 -2.24 	 20.44 	 -1.907024
	 3.29 	 -2.31 	 20.48 	 -1.927874
	 3.20 	 -2.37 	 20.52 	 -1.927658
	 3.10 	 -2.44 	 20.56 	 -1.903067
	 3.00 	 -2.50 	 20.60 	 -1.850904
	 2.90 	 -2.56 	 20.64 	 -1.768192
	 2.79 	 -2.61 	 20.68 	 -1.652293
	 2.68 	 -2.67 	 20.72 	 -1.501035
	 2.58 	 -2.72 	 20.76 	 -1.312828
	 2.46 	 -2.78 	 20.80 	 -1.086784
	 2.35 	 -2.83 	 20.84 	 -0.822820
	 2.24 	 -2.87 	 20.88 	 -0.521748
	 2.12 	 -2.92 	 20.92 	 -0.185342
	 2.00 	 -2.96 	 20.96 	 0.183620
	 1.88 	 -3.00 	 21.00 	 0.581343
	 1.76 	 -3.04 	 21.04 	 1.003038
	 1.64 	 -3.07 	 21.08 	 1.442981
	 1.51 	 -3.11 	 21.12 	 1.894599
	 1.39 	 -3.14 	 21.16 	 2.350608
	 1.26 	 -3.16 	 21.20 	 2.803166
	 1.13 	 -3.19 	 21.24 	 3.244063
	 1.01 	 -3.21 	 21.28 	 3.664937
	 0.88 	 -3.23 	 21.32 	 4.057501
	 0.75 	 -3.25 	 21.36 	 4.413777
	 0.62 	 -3.26 	 21.40 	 4.726332
	 0.48 	 -3.28 	 21.44 	 4.988507
	 0.35 	 -3.29 	 21.48 	 5.194619
	 0.22 	 -3.29 	 21.52 	 5.340147
	 0.09 	 -3.30 	 21.56 	 5.421868
	 -0.04 	 -3.30 	 21.60 	 5.437972
	 -0.17 	 -3.30 	 21.64 	 5.388112
	 -0.31 	 -3.29 	 21.68 	 5.273419
	 -0.44 	 -3.29 	 21.72 	 5.096466
	 -0.57 	 -3.28 	 21.76 	 4.861182
	 -0.70 	 -3.27 	 21.80 	 4.572726
	 -0.83 	 -3.25 	 21.84 	 4.237322
	 -0.96 	 -3.24 	 21.88 	 3.862067
	 -1.09 	 -3.22 	 21.92 	 3.454707
	 -1.22 	 -3.20 	 21.96 	 3.023409
	 -1.34 	 -3.17 	 22.00 	 2.576524
	 -1.47 	 -3.15 	 22.04 	 2.122354
	 -1.59 	 -3.12 	 22.08 	 1.668930
	 -1.72 	 -3.08 	 22.12 	 1.223811
	 -1.84 	 -3.05 	 22.16 	 0.793913
	 -1.96 	 -3.01 	 22.20 	 0.385364
	 -2.08 	 -2.97 	 22.24 	 0.003390
	 -2.20 	 -2.93 	 22.28 	 -0.347752
	 -2.31 	 -2.89 	 22.32 	 -0.664815
	 -2.42 	 -2.84 	 22.36 	 -0.945565
	 -2.54 	 -2.79 	 22.40 	 -1.188756
	 -2.65 	 -2.74 	 22.44 	 -1.394067
	 -2.75 	 -2.69 	 22.48 	 -1.562031
	 -2.86 	 -2.64 	 22.52 	 -1.693930
	 -2.96 	 -2.58 	 22.56 	 -1.791686
	 -3.06 	 -2.52 	 22.60 	 -1.857742
	 -3.16 	 -2.46 	 22.64 	 -1.894940
	 -3.26 	 -2.39 	 22.68 	 -1.906399
	 -3.35 	 -2.33 	 22.72 	 -1.895398
	 -3.44 	 -2.26 	 22.76 	 -1.865272
	 -3.53 	 -2.19 	 22.80 	 -1.819312
	 -3.61 	 -2.12 	 22.84 	 -1.760685
	 -3.70 	 -2.05 	 22.88 	 -1.692361
	 -3.77 	 -1.98 	 22.92 	 -1.617063
	 -3.85 	 -1.90 	 22.96 	 -1.537222
	 -3.92 	 -1.82 	 23.00 	 -1.454952
	 -3.99 	 -1.75 	 23.04 	 -1.372032
	 -4.06 	 -1.67 	 23.08 	 -1.289907
	 -4.12 	 -1.58 	 23.12 	 -1.209691
	 -4.18 	 -1.50 	 23.16 	 -1.132179
	 -4.24 	 -1.42 	 23.20 	 -1.057870
	 -4.29 	 -1.33 	 23.24 	 -0.986989
	 -4.34 	 -1.25 	 23.28 	 -0.919515
	 -4.39 	 -1.16 	 23.32 	 -0.855212
	 -4.43 	 -1.07 	 23.36 	 -0.793655
	 -4.47 	 -0.98 	 23.40 	 -0.734262
	 -4.51 	 -0.89 	 23.44 	 -0.676321
	 -4.54 	 -0.80 	 23.48 	 -0.619016
	 -4.57 	 -0.71 	 23.52 	 -0.561449
	 -4.59 	 -0.62 	 23.56 	 -0.502664
	 -4.61 	 -0.53 	 23.60 	 -0.441663
	 -4.63 	 -0.44 	 23.64 	 -0.377424
	 -4.65 	 -0.35 	 23.68 	 -0.308908
	 -4.66 	 -0.25 	 23.72 	 -0.235080
	 -4.66 	 -0.16 	 23.76 	 -0.154907
	 -4.67 	 -0.07 	 23.80 	 -0.067372
	 -4.66 	 0.03 	 23.84 	 0.028519
	 -4.66 	 0.12 	 23.88 	 0.133739
	 -4.65 	 0.21 	 23.92 	 0.249227
	 -4.64 	 0.31 	 23.96 	 0.375887
	 -4.62 	 0.40 	 24.00 	 0.514580
	 -4.60 	 0.49 	 24.04 	 0.666116
	 -4.58 	 0.58 	 24.08 	 0.831250
	 -4.55 	 0.68 	 24.12 	 1.010664
	 -4.52 	 0.77 	 24.16 	 1.204959
	 -4.49 	 0.86 	 24.20 	 1.414636
	 -4.45 	 0.95 	 24.24 	 1.640082
	 -4.41 	 1.04 	 24.28 	 1.881546
	 -4.36 	 1.12 	 24.32 	 2.139115
	 -4.31 	 1.21 	 24.36 	 2.412694
	 -4.26 	 1.30 	 24.40 	 2.701973
	 -4.21 	 1.38 	 24.44 	 3.006405
	 -4.15 	 1.47 	 24.48 	 3.325176
	 -4.09 	 1.55 	 24.52 	 3.657177
	 -4.02 	 1.63 	 24.56 	 4.000985
	 -3.95 	 1.71 	 24.60 	 4.354836
	 -3.88 	 1.79 	 24.64 	 4.716616
	 -3.81 	 1.87 	 24.68 	 5.083854
	 -3.73 	 1.94 	 24.72 	 5.453717
	 -3.65 	 2.02 	 24.76 	 5.823027
	 -3.56 	 2.09 	 24.80 	 6.188281
	 -3.48 	 2.16 	 24.84 	 6.545689
	 -3.39 	 2.23 	 24.88 	 6.891223
	 -3.30 	 2.30 	 24.92 	 7.220684
	 -3.20 	 2.37 	 24.96 	 7.529778
	 -3.10 	 2.43 	 25.00 	 7.814208
	 -3.01 	 2.49 	 25.04 	 8.069783
	 -2.90 	 2.55 	 25.08 	 8.292528
	 -2.80 	 2.61 	 25.12 	 8.478810
	 -2.69 	 2.67 	 25.16 	 8.625460
	 -2.58 	 2.72 	 25.20 	 8.729901
	 -2.47 	 2.77 	 25.24 	 8.790263
	 -2.36 	 2.82 	 25.28 	 8.805499
	 -2.24 	 2.87 	 25.32 	 8.775471
	 -2.13 	 2.91 	 25.36 	 8.701027
	 -2.01 	 2.96 	 25.40 	 8.584046
	 -1.89 	 3.00 	 25.44 	 8.427452
	 -1.77 	 3.03 	 25.48 	 8.235204
	 -1.65 	 3.07 	 25.52 	 8.012234
	 -1.52 	 3.10 	 25.56 	 7.764370
	 -1.40 	 3.13 	 25.60 	 7.498202
	 -1.27 	 3.16 	 25.64 	 7.220934
	 -1.14 	 3.19 	 25.68 	 6.940193
	 -1.01 	 3.21 	 25.72 	 6.663821
	 -0.88 	 3.23 	 25.76 	 6.399654
	 -0.75 	 3.25 	 25.80 	 6.155278
	 -0.62 	 3.26 	 25.84 	 5.937804
	 -0.49 	 3.28 	 25.88 	 5.753637
	 -0.36 	 3.28 	 25.92 	 5.608270
	 -0.23 	 3.29 	 25.96 	 5.506105
	 -0.10 	 3.30 	 26.00 	 5.450301
	 0.03 	 3.30 	 26.04 	 5.442672
	 0.17 	 3.30 	 26.08 	 5.483625
	 0.30 	 3.29 	 26.12 	 5.572142
	 0.43 	 3.29 	 26.16 	 5.705818
	 0.56 	 3.28 	 26.20 	 5.880936
	 0.69 	 3.27 	 26.24 	 6.092599
	 0.82 	 3.26 	 26.28 	 6.334881
	 0.95 	 3.24 	 26.32 	 6.601031
	 1.08 	 3.22 	 26.36 	 6.883678
	 1.21 	 3.20 	 26.40 	 7.175070
	 1.33 	 3.17 	 26.44 	 7.467303
	 1.46 	 3.15 	 26.48 	 7.752559
	 1.58 	 3.12 	 26.52 	 8.023320
	 1.71 	 3.09 	 26.56 	 8.272574
	 1.83 	 3.05 	 26.60 	 8.493986
	 1.95 	 3.02 	 26.64 	 8.682042
	 2.07 	 2.98 	 26.68 	 8.832161
	 2.19 	 2.94 	 26.72 	 8.940765
	 2.30 	 2.89 	 26.76 	 9.005323
	 2.42 	 2.85 	 26.80 	 9.024347
	 2.53 	 2.80 	 26.84 	 8.997370
	 2.64 	 2.75 	 26.88 	 8.924884
	 2.75 	 2.69 	 26.92 	 8.808261
	 2.85 	 2.64 	 26.96 	 8.649656
	 2.96 	 2.58 	 27.00 	 8.451887
	 3.06 	 2.52 	 27.04 	 8.218319
	 3.15 	 2.46 	 27.08 	 7.952735
	 3.25 	 2.40 	 27.12 	 7.659214
	 3.34 	 2.33 	 27.16 	 7.342009
	 3.43 	 2.27 	 27.20 	 7.005438
	 3.52 	 2.20 	 27.24 	 6.653782
	 3.61 	 2.13 	 27.28 	 6.291200
	 3.69 	 2.06 	 27.32 	 5.921653
	 3.77 	 1.98 	 27.36 	 5.548847
	 3.85 	 1.91 	 27.40 	 5.176188
	 3.92 	 1.83 	 27.44 	 4.806748
	 3.99 	 1.75 	 27.48 	 4.443251
	 4.06 	 1.67 	 27.52 	 4.088061
	 4.12 	 1.59 	 27.56 	 3.743187
	 4.18 	 1.51 	 27.60 	 3.410292
	 4.24 	 1.42 	 27.64 	 3.090711
	 4.29 	 1.34 	 27.68 	 2.785472
	 4.34 	 1.25 	 27.72 	 2.495317
	 4.39 	 1.17 	 27.76 	 2.220736
	 4.43 	 1.08 	 27.80 	 1.961989
	 4.47 	 0.99 	 27.84 	 1.719134
	 4.51 	 0.90 	 27.88 	 1.492052
	 4.54 	 0.81 	 27.92 	 1.280475
	 4.57 	 0.72 	 27.96 	 1.084005
	 4.59 	 0.63 	 28.00 	 0.902132
	 4.61 	 0.54 	 28.04 	 0.734256
	 4.63 	 0.44 	 28.08 	 0.579697
	 4.65 	 0.35 	 28.12 	 0.437708
	 4.66 	 0.26 	 28.16 	 0.307489
	 4.66 	 0.17 	 28.20 	 0.188188
	 4.67 	 0.07 	 28.24 	 0.078915
	 4.66 	 -0.02 	 28.28 	 -0.021257
	 4.66 	 -0.11 	 28.32 	 -0.113286
	 4.65 	 -0.21 	 28.36 	 -0.198152
	 4.64 	 -0.30 	 28.40 	 -0.276859
	 4.62 	 -0.39 	 28.44 	 -0.350422
	 4.60 	 -0.49 	 28.48 	 -0.419860
	 4.58 	 -0.58 	 28.52 	 -0.486192
	 4.55 	 -0.67 	 28.56 	 -0.550418
	 4.52 	 -0.76 	 28.60 	 -0.613510
	 4.49 	 -0.85 	 28.64 	 -0.676394
	 4.45 	 -0.94 	 28.68 	 -0.739931
	 4.41 	 -1.03 	 28.72 	 -0.804894
	 4.37 	 -1.12 	 28.76 	 -0.871945
	 4.32 	 -1.20 	 28.80 	 -0.941606
	 4.27 	 -1.29 	 28.84 	 -1.014234
	 4.21 	 -1.38 	 28.88 	 -1.089987
	 4.15 	 -1.46 	 28.92 	 -1.168798
	 4.09 	 -1.54 	 28.96 	 -1.250345
	 4.03 	 -1.63 	 29.00 	 -1.334025
	 3.96 	 -1.71 	 29.04 	 -1.418928
	 3.89 	 -1.79 	 29.08 	 -1.503824
	 3.81 	 -1.86 	 29.12 	 -1.587149
	 3.73 	 -1.94 	 29.16 	 -1.667002
	 3.65 	 -2.01 	 29.20 	 -1.741155
	 3.57 	 -2.09 	 29.24 	 -1.807073
	 3.48 	 -2.16 	 29.28 	 -1.861942
	 3.40 	 -2.23 	 29.32 	 -1.902719
	 3.30 	 -2.30 	 29.36 	 -1.926192
	 3.21 	 -2.36 	 29.40 	 -1.929053
	 3.11 	 -2.43 	 29.44 	 -1.907988
	 3.01 	 -2.49 	 29.48 	 -1.859777
	 2.91 	 -2.55 	 29.52 	 -1.781406
	 2.81 	 -2.61 	 29.56 	 -1.670185
	 2.70 	 -2.66 	 29.60 	 -1.523870
	 2.59 	 -2.72 	 29.64 	 -1.340785
	 2.48 	 -2.77 	 29.68 	 -1.119939
	 2.37 	 -2.82 	 29.72 	 -0.861133
	 2.25 	 -2.87 	 29.76 	 -0.565052
	 2.14 	 -2.91 	 29.80 	 -0.233337
	 2.02 	 -2.95 	 29.84 	 0.131375
	 1.90 	 -2.99 	 29.88 	 0.525425
	 1.78 	 -3.03 	 29.92 	 0.944161
	 1.65 	 -3.07 	 29.96 	 1.381978
	 1.53 	 -3.10 	 30.00 	 1.832416
	 1.40 	 -3.13 	 30.04 	 2.288277
	 1.28 	 -3.16 	 30.08 	 2.741784
	 1.15 	 -3.18 	 30.12 	 3.184768
	 1.02 	 -3.21 	 30.16 	 3.608874
	 0.89 	 -3.23 	 30.20 	 4.005790
	 0.76 	 -3.25 	 30.24 	 4.367480
	 0.63 	 -3.26 	 30.28 	 4.686427
	 0.50 	 -3.27 	 30.32 	 4.955850
	 0.37 	 -3.28 	 30.36 	 5.169923
	 0.24 	 -3.29 	 30.40 	 5.323955
	 0.11 	 -3.30 	 30.44 	 5.414541
	 -0.02 	 -3.30 	 30.48 	 5.439671
	 -0.16 	 -3.30 	 30.52 	 5.398797
	 -0.29 	 -3.30 	 30.56 	 5.292849
	 -0.42 	 -3.29 	 30.60 	 5.124207
	 -0.55 	 -3.28 	 30.64 	 4.896620
	 -0.68 	 -3.27 	 30.68 	 4.615090
	 -0.81 	 -3.26 	 30.72 	 4.285705
	 -0.94 	 -3.24 	 30.76 	 3.915454
	 -1.07 	 -3.22 	 30.80 	 3.512008
	 -1.20 	 -3.20 	 30.84 	 3.083492
	 -1.33 	 -3.18 	 30.88 	 2.638246
	 -1.45 	 -3.15 	 30.92 	 2.184590
	 -1.58 	 -3.12 	 30.96 	 1.730604
	 -1.70 	 -3.09 	 31.00 	 1.283926
	 -1.82 	 -3.05 	 31.04 	 0.851566
	 -1.94 	 -3.02 	 31.08 	 0.439768
	 -2.06 	 -2.98 	 31.12 	 0.053886
	 -2.18 	 -2.94 	 31.16 	 -0.301686
	 -2.30 	 -2.89 	 31.20 	 -0.623563
	 -2.41 	 -2.85 	 31.24 	 -0.909374
	 -2.52 	 -2.80 	 31.28 	 -1.157739
	 -2.63 	 -2.75 	 31.32 	 -1.368217
	 -2.74 	 -2.70 	 31.36 	 -1.541228
	 -2.84 	 -2.64 	 31.40 	 -1.677958
	 -2.95 	 -2.59 	 31.44 	 -1.780249
	 -3.05 	 -2.53 	 31.48 	 -1.850479
	 -3.15 	 -2.47 	 31.52 	 -1.891445
	 -3.24 	 -2.40 	 31.56 	 -1.906232
	 -3.34 	 -2.34 	 31.60 	 -1.898106
	 -3.43 	 -2.27 	 31.64 	 -1.870399
	 -3.52 	 -2.20 	 31.68 	 -1.826414
	 -3.60 	 -2.13 	 31.72 	 -1.769338
	 -3.68 	 -2.06 	 31.76 	 -1.702173
	 -3.76 	 -1.99 	 31.80 	 -1.627679
	 -3.84 	 -1.91 	 31.84 	 -1.548327
	 -3.91 	 -1.83 	 31.88 	 -1.466276
	 -3.98 	 -1.76 	 31.92 	 -1.383352
	 -4.05 	 -1.68 	 31.96 	 -1.301046
	 -4.11 	 -1.60 	 32.00 	 -1.220515
	 -4.18 	 -1.51 	 32.04 	 -1.142597
	 -4.23 	 -1.43 	 32.08 	 -1.067831
	 -4.29 	 -1.35 	 32.12 	 -0.996477
	 -4.34 	 -1.26 	 32.16 	 -0.928547
	 -4.38 	 -1.17 	 32.20 	 -0.863832
	 -4.43 	 -1.09 	 32.24 	 -0.801931
	 -4.47 	 -1.00 	 32.28 	 -0.742281
	 -4.50 	 -0.91 	 32.32 	 -0.684188
	 -4.54 	 -0.82 	 32.36 	 -0.626847
	 -4.56 	 -0.73 	 32.40 	 -0.569371
	 -4.59 	 -0.64 	 32.44 	 -0.510811
	 -4.61 	 -0.54 	 32.48 	 -0.450173
	 -4.63 	 -0.45 	 32.52 	 -0.386437
	 -4.64 	 -0.36 	 32.56 	 -0.318568
	 -4.65 	 -0.27 	 32.60 	 -0.245527
	 -4.66 	 -0.17 	 32.64 	 -0.166281
	 -4.67 	 -0.08 	 32.68 	 -0.079813
	 -4.66 	 0.01 	 32.72 	 0.014878
	 -4.66 	 0.11 	 32.76 	 0.118766
	 -4.65 	 0.20 	 32.80 	 0.232796
	 -4.64 	 0.29 	 32.84 	 0.357876
	 -4.62 	 0.39 	 32.88 	 0.494874
	 -4.61 	 0.48 	 32.92 	 0.644609
	 -4.58 	 0.57 	 32.96 	 0.807841
	 -4.56 	 0.66 	 33.00 	 0.985265
	 -4.53 	 0.75 	 33.04 	 1.177493
	 -4.49 	 0.84 	 33.08 	 1.385041
	 -4.46 	 0.93 	 33.12 	 1.608313
	 -4.41 	 1.02 	 33.16 	 1.847577
	 -4.37 	 1.11 	 33.20 	 2.102945
	 -4.32 	 1.20 	 33.24 	 2.374348
	 -4.27 	 1.29 	 33.28 	 2.661507
	 -4.22 	 1.37 	 33.32 	 2.963909
	 -4.16 	 1.46 	 33.36 	 3.280778
	 -4.10 	 1.54 	 33.40 	 3.611047
	 -4.03 	 1.62 	 33.44 	 3.953336
	 -3.96 	 1.70 	 33.48 	 4.305930
	 -3.89 	 1.78 	 33.52 	 4.666765
	 -3.82 	 1.86 	 33.56 	 5.033416
	 -3.74 	 1.93 	 33.60 	 5.403100
	 -3.66 	 2.01 	 33.64 	 5.772685
	 -3.58 	 2.08 	 33.68 	 6.138711
	 -3.49 	 2.15 	 33.72 	 6.497425
	 -3.40 	 2.22 	 33.76 	 6.844828
	 -3.31 	 2.29 	 33.80 	 7.176739
	 -3.22 	 2.36 	 33.84 	 7.488872
	 -3.12 	 2.42 	 33.88 	 7.776926
	 -3.02 	 2.48 	 33.92 	 8.036687
	 -2.92 	 2.54 	 33.96 	 8.264145
	 -2.81 	 2.60 	 34.00 	 8.455612
	 -2.71 	 2.66 	 34.04 	 8.607848
	 -2.60 	 2.71 	 34.08 	 8.718187
	 -2.49 	 2.77 	 34.12 	 8.784658
	 -2.37 	 2.82 	 34.16 	 8.806094
	 -2.26 	 2.86 	 34.20 	 8.782228
	 -2.14 	 2.91 	 34.24 	 8.713770
	 -2.03 	 2.95 	 34.28 	 8.602456
	 -1.91 	 2.99 	 34.32 	 8.451069
	 -1.79 	 3.03 	 34.36 	 8.263425
	 -1.66 	 3.07 	 34.40 	 8.044332
	 -1.54 	 3.10 	 34.44 	 7.799498
	 -1.41 	 3.13 	 34.48 	 7.535420
	 -1.29 	 3.16 	 34.52 	 7.259227
	 -1.16 	 3.18 	 34.56 	 6.978500
	 -1.03 	 3.21 	 34.60 	 6.701066
	 -0.90 	 3.23 	 34.64 	 6.434774
	 -0.77 	 3.25 	 34.68 	 6.187259
	 -0.64 	 3.26 	 34.72 	 5.965710
	 -0.51 	 3.27 	 34.76 	 5.776642
	 -0.38 	 3.28 	 34.80 	 5.625684
	 -0.25 	 3.29 	 34.84 	 5.517396
	 -0.12 	 3.30 	 34.88 	 5.455114
	 0.02 	 3.30 	 34.92 	 5.440842
	 0.15 	 3.30 	 34.96 	 5.475181
	 0.28 	 3.30 	 35.00 	 5.557305
	 0.41 	 3.29 	 35.04 	 5.684997
	 0.54 	 3.28 	 35.08 	 5.854712
	 0.67 	 3.27 	 35.12 	 6.061706
	 0.80 	 3.26 	 35.16 	 6.300184
	 0.93 	 3.24 	 35.20 	 6.563493
	 1.06 	 3.22 	 35.24 	 6.844336
	 1.19 	 3.20 	 35.28 	 7.134998
	 1.32 	 3.18 	 35.32 	 7.427582
	 1.44 	 3.15 	 35.36 	 7.714244
	 1.57 	 3.12 	 35.40 	 7.987415
	 1.69 	 3.09 	 35.44 	 8.240001
	 1.81 	 3.06 	 35.48 	 8.465565
	 1.93 	 3.02 	 35.52 	 8.658474
	 2.05 	 2.98 	 35.56 	 8.814014
	 2.17 	 2.94 	 35.60 	 8.928468
	 2.29 	 2.90 	 35.64 	 8.999160
	 2.40 	 2.85 	 35.68 	 9.024461
	 2.51 	 2.80 	 35.72 	 9.003765
	 2.62 	 2.75 	 35.76 	 8.937440
	 2.73 	 2.70 	 35.80 	 8.826742
	 2.84 	 2.65 	 35.84 	 8.673725
	 2.94 	 2.59 	 35.88 	 8.481123
	 3.04 	 2.53 	 35.92 	 8.252235
	 3.14 	 2.47 	 35.96 	 7.990794
	 3.24 	 2.41 	 36.00 	 7.700845
	 3.33 	 2.34 	 36.04 	 7.386624
	 3.42 	 2.28 	 36.08 	 7.052447
	 3.51 	 2.21 	 36.12 	 6.702604
	 3.60 	 2.14 	 36.16 	 6.341277
	 3.68 	 2.07 	 36.20 	 5.972458
	 3.76 	 1.99 	 36.24 	 5.599889
	 3.84 	 1.92 	 36.28 	 5.227021
	 3.91 	 1.84 	 36.32 	 4.856972
	 3.98 	 1.76 	 36.36 	 4.492515
	 4.05 	 1.68 	 36.40 	 4.136063
	 4.11 	 1.60 	 36.44 	 3.789672
	 4.17 	 1.52 	 36.48 	 3.455054
	 4.23 	 1.44 	 36.52 	 3.133585
	 4.28 	 1.35 	 36.56 	 2.826334
	 4.33 	 1.27 	 36.60 	 2.534083
	 4.38 	 1.18 	 36.64 	 2.257352
	 4.42 	 1.09 	 36.68 	 1.996432
	 4.46 	 1.00 	 36.72 	 1.751407
	 4.50 	 0.91 	 36.76 	 1.522181
	 4.53 	 0.82 	 36.80 	 1.308505
	 4.56 	 0.73 	 36.84 	 1.109997
	 4.59 	 0.64 	 36.88 	 0.926161
	 4.61 	 0.55 	 36.92 	 0.756410
	 4.63 	 0.46 	 36.96 	 0.600072
	 4.64 	 0.36 	 37.00 	 0.456411
	 4.65 	 0.27 	 37.04 	 0.324631
	 4.66 	 0.18 	 37.08 	 0.203889
	 4.66 	 0.09 	 37.12 	 0.093299
	 4.66 	 -0.01 	 37.16 	 -0.008062
	 4.66 	 -0.10 	 37.20 	 -0.101147
	 4.65 	 -0.19 	 37.24 	 -0.186934
	 4.64 	 -0.29 	 37.28 	 -0.266423
	 4.63 	 -0.38 	 37.32 	 -0.340629
	 4.61 	 -0.47 	 37.36 	 -0.410571
	 4.58 	 -0.56 	 37.40 	 -0.477268
	 4.56 	 -0.66 	 37.44 	 -0.541724
	 4.53 	 -0.75 	 37.48 	 -0.604915
	 4.49 	 -0.84 	 37.52 	 -0.667775
	 4.46 	 -0.93 	 37.56 	 -0.731175
	 4.42 	 -1.02 	 37.60 	 -0.795901
	 4.37 	 -1.11 	 37.64 	 -0.862632
	 4.33 	 -1.19 	 37.68 	 -0.931911
	 4.27 	 -1.28 	 37.72 	 -1.004119
	 4.22 	 -1.37 	 37.76 	 -1.079444
	 4.16 	 -1.45 	 37.80 	 -1.157850
	 4.10 	 -1.53 	 37.84 	 -1.239052
	 4.04 	 -1.61 	 37.88 	 -1.322487
	 3.97 	 -1.70 	 37.92 	 -1.407288
	 3.90 	 -1.77 	 37.96 	 -1.492270
	 3.82 	 -1.85 	 38.00 	 -1.575914
	 3.75 	 -1.93 	 38.04 	 -1.656366
	 3.67 	 -2.00 	 38.08 	 -1.731442
	 3.58 	 -2.08 	 38.12 	 -1.798646
	 3.50 	 -2.15 	 38.16 	 -1.855201
	 3.41 	 -2.22 	 38.20 	 -1.898091
	 3.32 	 -2.29 	 38.24 	 -1.924124
	 3.22 	 -2.35 	 38.28 	 -1.930000
	 3.13 	 -2.42 	 38.32 	 -1.912400
	 3.03 	 -2.48 	 38.36 	 -1.868085
	 2.92 	 -2.54 	 38.40 	 -1.794005
	 2.82 	 -2.60 	 38.44 	 -1.687420
	 2.71 	 -2.66 	 38.48 	 -1.546017
	 2.61 	 -2.71 	 38.52 	 -1.368035
	 2.50 	 -2.76 	 38.56 	 -1.152382
	 2.38 	 -2.81 	 38.60 	 -0.898747
	 2.27 	 -2.86 	 38.64 	 -0.607689
	 2.15 	 -2.91 	 38.68 	 -0.280713
	 2.03 	 -2.95 	 38.72 	 0.079679
	 1.91 	 -2.99 	 38.76 	 0.469971
	 1.79 	 -3.03 	 38.80 	 0.885641
	 1.67 	 -3.06 	 38.84 	 1.321212
	 1.55 	 -3.10 	 38.88 	 1.770334
	 1.42 	 -3.13 	 38.92 	 2.225901
	 1.30 	 -3.16 	 38.96 	 2.680206
	 1.17 	 -3.18 	 39.00 	 3.125121
	 1.04 	 -3.21 	 39.04 	 3.552302
	 0.91 	 -3.23 	 39.08 	 3.953418
	 0.78 	 -3.24 	 39.12 	 4.320384
	 0.65 	 -3.26 	 39.16 	 4.645594
	 0.52 	 -3.27 	 39.20 	 4.922156
	 0.39 	 -3.28 	 39.24 	 5.144102
	 0.26 	 -3.29 	 39.28 	 5.306575
	 0.13 	 -3.30 	 39.32 	 5.405987
	 -0.01 	 -3.30 	 39.36 	 5.440133
	 -0.14 	 -3.30 	 39.40 	 5.408263
	 -0.27 	 -3.30 	 39.44 	 5.311105
	 -0.40 	 -3.29 	 39.48 	 5.150844
	 -0.53 	 -3.28 	 39.52 	 4.931049
	 -0.66 	 -3.27 	 39.56 	 4.656558
	 -0.79 	 -3.26 	 39.60 	 4.333322
	 -0.92 	 -3.24 	 39.64 	 3.968219
	 -1.05 	 -3.22 	 39.68 	 3.568841
	 -1.18 	 -3.20 	 39.72 	 3.143263
	 -1.31 	 -3.18 	 39.76 	 2.699810
	 -1.43 	 -3.15 	 39.80 	 2.246820
	 -1.56 	 -3.12 	 39.84 	 1.792417
	 -1.68 	 -3.09 	 39.88 	 1.344310
	 -1.81 	 -3.06 	 39.92 	 0.909605
	 -1.93 	 -3.02 	 39.96 	 0.494658
	 -2.05 	 -2.98 	 40.00 	 0.104951
	 -2.16 	 -2.94 	 40.04 	 -0.254988
	 -2.28 	 -2.90 	 40.08 	 -0.581635
	 -2.39 	 -2.86 	 40.12 	 -0.872481
	 -2.51 	 -2.81 	 40.16 	 -1.126013
	 -2.62 	 -2.76 	 40.20 	 -1.341665
	 -2.72 	 -2.70 	 40.24 	 -1.519746
	 -2.83 	 -2.65 	 40.28 	 -1.661341
	 -2.93 	 -2.59 	 40.32 	 -1.768212
	 -3.04 	 -2.54 	 40.36 	 -1.842669
	 -3.13 	 -2.47 	 40.40 	 -1.887459
	 -3.23 	 -2.41 	 40.44 	 -1.905636
	 -3.32 	 -2.35 	 40.48 	 -1.900447
	 -3.42 	 -2.28 	 40.52 	 -1.875221
	 -3.50 	 -2.21 	 40.56 	 -1.833270
	 -3.59 	 -2.14 	 40.60 	 -1.777803
	 -3.67 	 -2.07 	 40.64 	 -1.711849
	 -3.75 	 -2.00 	 40.68 	 -1.638204
	 -3.83 	 -1.92 	 40.72 	 -1.559382
	 -3.90 	 -1.85 	 40.76 	 -1.477585
	 -3.97 	 -1.77 	 40.80 	 -1.394685
	 -4.04 	 -1.69 	 40.84 	 -1.312219
	 -4.11 	 -1.61 	 40.88 	 -1.231388
	 -4.17 	 -1.52 	 40.92 	 -1.153075
	 -4.22 	 -1.44 	 40.96 	 -1.077857
	 -4.28 	 -1.36 	 41.00 	 -1.006030
	 -4.33 	 -1.27 	 41.04 	 -0.937640
	 -4.38 	 -1.18 	 41.08 	 -0.872504
	 -4.42 	 -1.10 	 41.12 	 -0.810248
	 -4.46 	 -1.01 	 41.16 	 -0.750329
	 -4.50 	 -0.92 	 41.20 	 -0.692068
	 -4.53 	 -0.83 	 41.24 	 -0.634675
	 -4.56 	 -0.74 	 41.28 	 -0.577272
	 -4.59 	 -0.65 	 41.32 	 -0.518918
	 -4.61 	 -0.56 	 41.36 	 -0.458624
	 -4.63 	 -0.46 	 41.40 	 -0.395373
	 -4.64 	 -0.37 	 41.44 	 -0.328130
	 -4.65 	 -0.28 	 41.48 	 -0.255857
	 -4.66 	 -0.19 	 41.52 	 -0.177521
	 -4.66 	 -0.09 	 41.56 	 -0.092100
	 -4.66 	 0.00 	 41.60 	 0.001408
	 -4.66 	 0.09 	 41.64 	 0.103982
	 -4.65 	 0.19 	 41.68 	 0.216571
	 -4.64 	 0.28 	 41.72 	 0.340088
	 -4.63 	 0.37 	 41.76 	 0.475407
	 -4.61 	 0.47 	 41.80 	 0.623353
	 -4.59 	 0.56 	 41.84 	 0.784698
	 -4.56 	 0.65 	 41.88 	 0.960143
	 -4.53 	 0.74 	 41.92 	 1.150313
	 -4.50 	 0.83 	 41.96 	 1.355740
	 -4.46 	 0.92 	 42.00 	 1.576843
	 -4.42 	 1.01 	 42.04 	 1.813910
	 -4.38 	 1.10 	 42.08 	 2.067076
	 -4.33 	 1.19 	 42.12 	 2.336297
	 -4.28 	 1.27 	 42.16 	 2.621327
	 -4.22 	 1.36 	 42.20 	 2.921684
	 -4.17 	 1.44 	 42.24 	 3.236631
	 -4.10 	 1.53 	 42.28 	 3.565142
	 -4.04 	 1.61 	 42.32 	 3.905881
	 -3.97 	 1.69 	 42.36 	 4.257180
	 -3.90 	 1.77 	 42.40 	 4.617022
	 -3.83 	 1.85 	 42.44 	 4.983034
	 -3.75 	 1.92 	 42.48 	 5.352481
	 -3.67 	 2.00 	 42.52 	 5.722277
	 -3.59 	 2.07 	 42.56 	 6.089005
	 -3.50 	 2.14 	 42.60 	 6.448949
	 -3.41 	 2.21 	 42.64 	 6.798142
	 -3.32 	 2.28 	 42.68 	 7.132424
	 -3.23 	 2.35 	 42.72 	 7.447516
	 -3.13 	 2.41 	 42.76 	 7.739114
	 -3.03 	 2.48 	 42.80 	 8.002986
	 -2.93 	 2.54 	 42.84 	 8.235088
	 -2.83 	 2.60 	 42.88 	 8.431679
	 -2.72 	 2.65 	 42.92 	 8.589451
	 -2.61 	 2.71 	 42.96 	 8.705652
	 -2.50 	 2.76 	 43.00 	 8.778210
	 -2.39 	 2.81 	 43.04 	 8.805840
	 -2.28 	 2.86 	 43.08 	 8.788150
	 -2.16 	 2.90 	 43.12 	 8.725710
	 -2.04 	 2.95 	 43.16 	 8.620116
	 -1.92 	 2.99 	 43.20 	 8.474006
	 -1.80 	 3.02 	 43.24 	 8.291058
	 -1.68 	 3.06 	 43.28 	 8.075947
	 -1.56 	 3.09 	 43.32 	 7.834265
	 -1.43 	 3.13 	 43.36 	 7.572410
	 -1.30 	 3.15 	 43.40 	 7.297434
	 -1.18 	 3.18 	 43.44 	 7.016869
	 -1.05 	 3.20 	 43.48 	 6.738520
	 -0.92 	 3.22 	 43.52 	 6.470246
	 -0.79 	 3.24 	 43.56 	 6.219727
	 -0.66 	 3.26 	 43.60 	 5.994225
	 -0.53 	 3.27 	 43.64 	 5.800362
	 -0.40 	 3.28 	 43.68 	 5.643898
	 -0.27 	 3.29 	 43.72 	 5.529549
	 -0.13 	 3.30 	 43.76 	 5.460827
	 -0.00 	 3.30 	 43.80 	 5.439923
	 0.13 	 3.30 	 43.84 	 5.467631
	 0.26 	 3.30 	 43.88 	 5.543322
	 0.39 	 3.29 	 43.92 	 5.664963
	 0.52 	 3.28 	 43.96 	 5.829187
	 0.66 	 3.27 	 44.00 	 6.031404
	 0.79 	 3.26 	 44.04 	 6.265952
	 0.92 	 3.24 	 44.08 	 6.526285
	 1.04 	 3.23 	 44.12 	 6.805178
	 1.17 	 3.20 	 44.16 	 7.094962
	 1.30 	 3.18 	 44.20 	 7.387749
	 1.43 	 3.15 	 44.24 	 7.675677
	 1.55 	 3.13 	 44.28 	 7.951123
	 1.67 	 3.10 	 44.32 	 8.206920
	 1.80 	 3.06 	 44.36 	 8.436531
	 1.92 	 3.03 	 44.40 	 8.634205
	 2.04 	 2.99 	 44.44 	 8.795098
	 2.16 	 2.95 	 44.48 	 8.915352
	 2.27 	 2.90 	 44.52 	 8.992147
	 2.39 	 2.86 	 44.56 	 9.023713
	 2.50 	 2.81 	 44.60 	 9.009306
	 2.61 	 2.76 	 44.64 	 8.949165
	 2.72 	 2.71 	 44.68 	 8.844430
	 2.82 	 2.65 	 44.72 	 8.697052
	 2.93 	 2.60 	 44.76 	 8.509681
	 3.03 	 2.54 	 44.80 	 8.285543
	 3.13 	 2.48 	 44.84 	 8.028320
	 3.22 	 2.42 	 44.88 	 7.742022
	 3.32 	 2.35 	 44.92 	 7.430866
	 3.41 	 2.29 	 44.96 	 7.099162
	 3.50 	 2.22 	 45.00 	 6.751212
	 3.58 	 2.15 	 45.04 	 6.391215
	 3.67 	 2.08 	 45.08 	 6.023193
	 3.75 	 2.00 	 45.12 	 5.650926
	 3.82 	 1.93 	 45.16 	 5.277907
	 3.90 	 1.85 	 45.20 	 4.907302
	 3.97 	 1.77 	 45.24 	 4.541929
	 4.04 	 1.69 	 45.28 	 4.184253
	 4.10 	 1.61 	 45.32 	 3.836378
	 4.16 	 1.53 	 45.36 	 3.500061
	 4.22 	 1.45 	 45.40 	 3.176725
	 4.28 	 1.36 	 45.44 	 2.867477
	 4.33 	 1.28 	 45.48 	 2.573139
	 4.37 	 1.19 	 45.52 	 2.294264
	 4.42 	 1.10 	 45.56 	 2.031173
	 4.46 	 1.01 	 45.60 	 1.783976
	 4.50 	 0.93 	 45.64 	 1.552601
	 4.53 	 0.84 	 45.68 	 1.336818
	 4.56 	 0.75 	 45.72 	 1.136263
	 4.59 	 0.65 	 45.76 	 0.950454
	 4.61 	 0.56 	 45.80 	 0.778815
	 4.63 	 0.47 	 45.84 	 0.620685
	 4.64 	 0.38 	 45.88 	 0.475336
	 4.65 	 0.28 	 45.92 	 0.341980
	 4.66 	 0.19 	 45.96 	 0.219780
	 4.66 	 0.10 	 46.00 	 0.107855
	 4.66 	 0.01 	 46.04 	 0.005288
	 4.66 	 -0.09 	 46.08 	 -0.088871
	 4.65 	 -0.18 	 46.12 	 -0.175597
	 4.64 	 -0.27 	 46.16 	 -0.255889
	 4.63 	 -0.37 	 46.20 	 -0.330757
	 4.61 	 -0.46 	 46.24 	 -0.401221
	 4.59 	 -0.55 	 46.28 	 -0.468302
	 4.56 	 -0.64 	 46.32 	 -0.533006
	 4.53 	 -0.74 	 46.36 	 -0.596314
	 4.50 	 -0.83 	 46.40 	 -0.659166
	 4.46 	 -0.92 	 46.44 	 -0.722444
	 4.42 	 -1.01 	 46.48 	 -0.786946
	 4.38 	 -1.09 	 46.52 	 -0.853367
	 4.33 	 -1.18 	 46.56 	 -0.922272
	 4.28 	 -1.27 	 46.60 	 -0.994064
	 4.23 	 -1.35 	 46.64 	 -1.068958
	 4.17 	 -1.44 	 46.68 	 -1.146954
	 4.11 	 -1.52 	 46.72 	 -1.227801
	 4.04 	 -1.60 	 46.76 	 -1.310974
	 3.98 	 -1.68 	 46.80 	 -1.395651
	 3.91 	 -1.76 	 46.84 	 -1.480691
	 3.83 	 -1.84 	 46.88 	 -1.564619
	 3.76 	 -1.92 	 46.92 	 -1.645629
	 3.68 	 -1.99 	 46.96 	 -1.721581
	 3.59 	 -2.07 	 47.00 	 -1.790020
	 3.51 	 -2.14 	 47.04 	 -1.848204
	 3.42 	 -2.21 	 47.08 	 -1.893149
	 3.33 	 -2.28 	 47.12 	 -1.921680
	 3.23 	 -2.34 	 47.16 	 -1.930508
	 3.14 	 -2.41 	 47.20 	 -1.916312
	 3.04 	 -2.47 	 47.24 	 -1.875836
	 2.94 	 -2.53 	 47.28 	 -1.805996
	 2.83 	 -2.59 	 47.32 	 -1.704003
	 2.73 	 -2.65 	 47.36 	 -1.567479
	 2.62 	 -2.70 	 47.40 	 -1.394579
	 2.51 	 -2.76 	 47.44 	 -1.184114
	 2.40 	 -2.81 	 47.48 	 -0.935661
	 2.28 	 -2.85 	 47.52 	 -0.649653
	 2.17 	 -2.90 	 47.56 	 -0.327463
	 2.05 	 -2.94 	 47.60 	 0.028545
	 1.93 	 -2.98 	 47.64 	 0.414993
	 1.81 	 -3.02 	 47.68 	 0.827495
	 1.69 	 -3.06 	 47.72 	 1.260701
	 1.56 	 -3.09 	 47.76 	 1.708374
	 1.44 	 -3.12 	 47.80 	 2.163503
	 1.31 	 -3.15 	 47.84 	 2.618453
	 1.19 	 -3.18 	 47.88 	 3.065142
	 1.06 	 -3.20 	 47.92 	 3.495242
	 0.93 	 -3.22 	 47.96 	 3.900408
	 0.80 	 -3.24 	 48.00 	 4.272505
	 0.67 	 -3.26 	 48.04 	 4.603850
	 0.54 	 -3.27 	 48.08 	 4.887439
	 0.41 	 -3.28 	 48.12 	 5.117167
	 0.28 	 -3.29 	 48.16 	 5.288014
	 0.14 	 -3.30 	 48.20 	 5.396211
	 0.01 	 -3.30 	 48.24 	 5.439359
	 -0.12 	 -3.30 	 48.28 	 5.416506
	 -0.25 	 -3.30 	 48.32 	 5.328178
	 -0.38 	 -3.29 	 48.36 	 5.176365
	 -0.52 	 -3.28 	 48.40 	 4.964453
	 -0.65 	 -3.27 	 48.44 	 4.697113
	 -0.78 	 -3.26 	 48.48 	 4.380155
	 -0.91 	 -3.24 	 48.52 	 4.020342
	 -1.04 	 -3.23 	 48.56 	 3.625183
	 -1.16 	 -3.21 	 48.60 	 3.202700
	 -1.29 	 -3.18 	 48.64 	 2.761197
	 -1.42 	 -3.16 	 48.68 	 2.309024
	 -1.54 	 -3.13 	 48.72 	 1.854348
	 -1.67 	 -3.10 	 48.76 	 1.404945
	 -1.79 	 -3.06 	 48.80 	 0.968015
	 -1.91 	 -3.03 	 48.84 	 0.550022
	 -2.03 	 -2.99 	 48.88 	 0.156575
	 -2.15 	 -2.95 	 48.92 	 -0.207666
	 -2.26 	 -2.91 	 48.96 	 -0.539036
	 -2.38 	 -2.86 	 49.00 	 -0.834889
	 -2.49 	 -2.81 	 49.04 	 -1.093577
	 -2.60 	 -2.76 	 49.08 	 -1.314410
	 -2.71 	 -2.71 	 49.12 	 -1.497580
	 -2.82 	 -2.66 	 49.16 	 -1.644075
	 -2.92 	 -2.60 	 49.20 	 -1.755568
	 -3.02 	 -2.54 	 49.24 	 -1.834304
	 -3.12 	 -2.48 	 49.28 	 -1.882976
	 -3.22 	 -2.42 	 49.32 	 -1.904604
	 -3.31 	 -2.36 	 49.36 	 -1.902414
	 -3.40 	 -2.29 	 49.40 	 -1.879731
	 -3.49 	 -2.22 	 49.44 	 -1.839875
	 -3.58 	 -2.15 	 49.48 	 -1.786072
	 -3.66 	 -2.08 	 49.52 	 -1.721381
	 -3.74 	 -2.01 	 49.56 	 -1.648633
	 -3.82 	 -1.93 	 49.60 	 -1.570382
	 -3.89 	 -1.86 	 49.64 	 -1.488873
	 -3.96 	 -1.78 	 49.68 	 -1.406026
	 -4.03 	 -1.70 	 49.72 	 -1.323422
	 -4.10 	 -1.62 	 49.76 	 -1.242309
	 -4.16 	 -1.54 	 49.80 	 -1.163611
	 -4.22 	 -1.45 	 49.84 	 -1.087946
	 -4.27 	 -1.37 	 49.88 	 -1.015647
	 -4.32 	 -1.28 	 49.92 	 -0.946793
	 -4.37 	 -1.20 	 49.96 	 -0.881231
	 -4.42 	 -1.11 	 50.00 	 -0.818609
